Polling mit Adresse 1
1.RMK-Modul
0 35 11 1 8 0 0 0 1 1 0 0 0 
0 35 11 1 8 0 0 0 2 1 0 0 0 
0 35 11 1 8 0 0 0 3 1 0 0 0 
0 35 11 1 8 0 0 0 4 1 0 0 0 
0 35 11 1 8 0 0 0 5 1 0 0 0 
0 35 11 1 8 0 0 0 6 1 0 0 0 
0 35 11 1 8 0 0 0 7 1 0 0 0 
0 35 11 1 8 0 0 0 8 1 0 0 0 

2.RMK-Modul
0 35 11 2 8 0 0 0 9 1 0 0 0 
0 35 11 2 8 0 0 0 10 1 0 0 0 
0 35 11 2 8 0 0 0 11 1 0 0 0 
0 35 11 2 8 0 0 0 12 1 0 0 0 
0 35 11 2 8 0 0 0 13 1 0 0 0 
0 35 11 2 8 0 0 0 14 1 0 0 0 
0 35 11 2 8 0 0 0 15 1 0 0 0
0 35 11 2 8 0 0 0 16 1 0 0 0
 
3.RMK-Modul 
0 35 11 3 8 0 0 0 17 1 0 0 0 
0 35 11 3 8 0 0 0 18 1 0 0 0 
0 35 11 3 8 0 0 0 19 1 0 0 0 
0 35 11 3 8 0 0 0 20 1 0 0 0 
0 35 11 3 8 0 0 0 21 1 0 0 0 
0 35 11 3 8 0 0 0 22 1 0 0 0 
0 35 11 3 8 0 0 0 23 1 0 0 0 
0 35 11 3 8 0 0 0 24 1 0 0 0

4.RMK-Modul 
0 35 11 4 8 0 0 0 25 0 1 0 0 
0 35 11 4 8 0 0 0 26 0 1 0 0 
0 35 11 4 8 0 0 0 27 0 1 0 0 
0 35 11 4 8 0 0 0 28 1 0 0 0 
0 35 11 4 8 0 0 0 29 1 0 0 0 
0 35 11 4 8 0 0 0 30 1 0 0 0 
0 35 11 4 8 0 0 0 31 1 0 0 0 
0 35 11 4 8 0 0 0 32 0 1 0 0 

Polling mit Adresse 2
1.RMK-Modul
0 35 11 1 8 0 0 0 1 1 0 0 0 
0 35 11 1 8 0 0 0 2 1 0 0 0 
0 35 11 1 8 0 0 0 3 1 0 0 0 
0 35 11 1 8 0 0 0 4 1 0 0 0 
0 35 11 1 8 0 0 0 5 1 0 0 0 
0 35 11 1 8 0 0 0 6 1 0 0 0 
0 35 11 1 8 0 0 0 7 1 0 0 0 
0 35 11 1 8 0 0 0 8 1 0 0 0 

2.RMK-Modul
0 35 11 2 8 0 0 0 9 1 0 0 0 
0 35 11 2 8 0 0 0 10 1 0 0 0 
0 35 11 2 8 0 0 0 11 1 0 0 0 
0 35 11 2 8 0 0 0 12 1 0 0 0 
0 35 11 2 8 0 0 0 13 1 0 0 0 
0 35 11 2 8 0 0 0 14 1 0 0 0 
0 35 11 2 8 0 0 0 15 1 0 0 0 
0 35 11 2 8 0 0 0 16 1 0 0 0 

3.RMK-Modul 
0 35 11 3 8 0 0 0 17 1 0 0 0 
0 35 11 3 8 0 0 0 18 1 0 0 0
0 35 11 3 8 0 0 0 19 1 0 0 0 
0 35 11 3 8 0 0 0 20 1 0 0 0 
0 35 11 3 8 0 0 0 21 1 0 0 0 
0 35 11 3 8 0 0 0 22 1 0 0 0 
0 35 11 3 8 0 0 0 23 1 0 0 0 
0 35 11 3 8 0 0 0 24 1 0 0 0 

4.RMK-Modul
0 35 11 4 8 0 0 0 25 0 1 0 0 
0 35 11 4 8 0 0 0 26 0 1 0 0 
0 35 11 4 8 0 0 0 27 0 1 0 0 
0 35 11 4 8 0 0 0 28 1 0 0 0 
0 35 11 4 8 0 0 0 29 1 0 0 0 
0 35 11 4 8 0 0 0 30 1 0 0 0 
0 35 11 4 8 0 0 0 31 1 0 0 0 
0 35 11 4 8 0 0 0 32 0 1 0 0 


0 23 19 5 6 0 0 48 14 1 0 0 0 
0 23 19 5 6 0 0 48 14 0 0 0 0 
0 23 19 5 6 0 0 48 14 1 0 0 0 
0 23 19 5 6 0 0 48 14 1 0 0 0 
0 23 19 5 6 0 0 48 14 0 0 0 0 
0 23 19 5 6 0 0 48 14 1 0 0 0 
0 35 11 3 8 0 0 0 17 1 0 0 0 
0 35 11 1 8 0 0 0 1 1 0 0 0 
0 35 11 1 8 0 0 0 2 1 0 0 0 
0 35 11 1 8 0 0 0 3 1 0 0 0 
0 35 11 1 8 0 0 0 4 1 0 0 0 
0 35 11 1 8 0 0 0 5 1 0 0 0 
0 35 11 1 8 0 0 0 6 1 0 0 0 
0 35 11 1 8 0 0 0 7 1 0 0 0 
0 35 11 1 8 0 0 0 8 1 0 0 0 
0 35 11 2 8 0 0 0 9 1 0 0 0 
0 35 11 2 8 0 0 0 10 1 0 0 0 
0 35 11 2 8 0 0 0 11 1 0 0 0 
0 35 11 2 8 0 0 0 12 1 0 0 0 
0 35 11 2 8 0 0 0 13 1 0 0 0 
0 35 11 2 8 0 0 0 14 1 0 0 0 
0 35 11 2 8 0 0 0 15 1 0 0 0 
0 35 11 2 8 0 0 0 16 1 0 0 0 
0 35 11 3 8 0 0 0 18 1 0 0 0 
0 35 11 3 8 0 0 0 19 1 0 0 0 
0 35 11 3 8 0 0 0 20 1 0 0 0 
0 35 11 3 8 0 0 0 21 1 0 0 0 
0 35 11 3 8 0 0 0 22 1 0 0 0 
0 35 11 3 8 0 0 0 23 1 0 0 0 
0 35 11 3 8 0 0 0 24 1 0 0 0 
0 35 11 4 8 0 0 0 25 0 1 0 0 
0 35 11 4 8 0 0 0 26 0 1 0 0 
0 35 11 4 8 0 0 0 27 0 1 0 0 
0 35 11 4 8 0 0 0 28 1 0 0 0 
0 35 11 4 8 0 0 0 29 1 0 0 0 
0 35 11 4 8 0 0 0 30 1 0 0 0 
0 35 11 4 8 0 0 0 31 1 0 0 0 
0 35 11 4 8 0 0 0 32 0 1 0 0 
0 23 19 5 6 0 0 48 14 0 0 0 0 
0 23 19 5 6 0 0 48 14 1 0 0 0 
0 23 19 5 6 0 0 48 14 1 0 0 0 
0 23 19 5 6 0 0 48 14 0 0 0 0 
0 23 19 5 6 0 0 48 14 1 0 0 0 
0 23 19 5 6 0 0 48 14 0 0 0 0 
0 23 19 5 6 0 0 48 14 1 0 0 0 
0 23 19 5 6 0 0 48 14 0 0 0 0 
0 23 19 5 6 0 0 48 14 1 0 0 0 
0 23 19 5 6 0 0 48 14 0 0 0 0 
0 23 19 5 6 0 0 48 14 1 0 0 0 
0 23 19 5 6 0 0 48 14 0 0 0 0 
0 23 19 5 6 0 0 48 14 1 0 0 0 
0 23 19 5 6 0 0 48 14 0 0 0 0 
0 23 19 5 6 0 0 48 14 1 0 0 0 
0 23 19 5 6 0 0 48 14 1 0 0 0 
0 23 19 5 6 0 0 48 14 0 0 0 0 
0 23 19 5 6 0 0 48 14 1 0 0 0 
0 23 19 5 6 0 0 48 14 0 0 0 0 
0 23 19 5 6 0 0 48 14 1 0 0 0 
0 23 19 5 6 0 0 48 14 0 0 0 0 
0 23 19 5 6 0 0 48 14 1 0 0 0 
0 23 19 5 6 0 0 48 14 0 0 0 0 
0 0 0 0 0 0 0 0 0 0 0 0 0 
0 23 19 5 6 0 0 48 14 1 0 0 0 
0 23 19 5 6 0 0 48 14 0 0 0 0 
0 23 19 5 6 0 0 48 14 1 0 0 0 
0 23 19 5 6 0 0 48 14 0 0 0 0 
0 23 19 5 6 0 0 48 14 1 0 0 0 
0 23 19 5 6 0 0 48 14 0 0 0 0 
0 23 19 5 6 0 0 48 14 1 0 0 0 
0 23 19 5 6 0 0 48 14 0 0 0 0 
0 23 19 5 6 0 0 48 14 1 0 0 0 
0 23 19 5 6 0 0 48 14 0 0 0 0 
0 23 19 5 6 0 0 48 14 1 0 0 0 
0 23 19 5 6 0 0 48 14 0 0 0 0 
0 23 19 5 6 0 0 48 14 1 0 0 0 
0 23 19 5 6 0 0 48 14 0 0 0 0 
0 23 19 5 6 0 0 48 14 1 0 0 0 
0 23 19 5 6 0 0 48 14 0 0 0 0 
0 23 19 5 6 0 0 48 14 1 0 0 0 
0 23 19 5 6 0 0 48 14 0 0 0 0 
0 23 19 5 6 0 0 48 14 1 0 0 0 
0 23 19 5 6 0 0 48 14 0 0 0 0 
0 23 19 5 6 0 0 48 14 1 0 0 0 
0 23 19 5 6 0 0 48 14 0 0 0 0 
0 23 19 5 6 0 0 48 14 1 0 0 0 
0 23 19 5 6 0 0 48 14 0 0 0 0 
0 23 19 5 6 0 0 48 14 1 0 0 0 
0 23 19 5 6 0 0 48 14 0 0 0 0 
0 23 19 5 6 0 0 48 14 1 0 0 0 
0 23 19 5 6 0 0 48 14 0 0 0 0 
0 23 19 5 6 0 0 48 14 1 0 0 0 
0 23 19 5 6 0 0 48 14 0 0 0 0 
0 35 11 2 8 0 0 0 9 1 0 0 0 
0 35 11 1 8 0 0 0 1 1 0 0 0 
0 35 11 1 8 0 0 0 2 1 0 0 0 
0 35 11 1 8 0 0 0 3 1 0 0 0 
0 35 11 1 8 0 0 0 4 1 0 0 0 
0 35 11 1 8 0 0 0 5 1 0 0 0 
0 35 11 1 8 0 0 0 6 1 0 0 0 
0 35 11 1 8 0 0 0 7 1 0 0 0 
0 35 11 1 8 0 0 0 8 1 0 0 0 
0 35 11 2 8 0 0 0 10 1 0 0 0 
0 35 11 2 8 0 0 0 11 1 0 0 0 
0 35 11 2 8 0 0 0 12 1 0 0 0 
0 35 11 2 8 0 0 0 13 1 0 0 0 
0 35 11 2 8 0 0 0 14 1 0 0 0 
0 35 11 2 8 0 0 0 15 1 0 0 0 
0 35 11 2 8 0 0 0 16 1 0 0 0 
0 35 11 3 8 0 0 0 17 1 0 0 0 
0 35 11 3 8 0 0 0 18 1 0 0 0 
0 35 11 3 8 0 0 0 19 1 0 0 0 
0 35 11 3 8 0 0 0 20 1 0 0 0 
0 35 11 3 8 0 0 0 21 1 0 0 0 
0 35 11 3 8 0 0 0 22 1 0 0 0 
0 35 11 3 8 0 0 0 23 1 0 0 0 
0 35 11 3 8 0 0 0 24 1 0 0 0 
0 35 11 4 8 0 0 0 25 0 1 0 0 
0 35 11 4 8 0 0 0 26 0 1 0 0 
0 35 11 4 8 0 0 0 27 0 1 0 0 
0 35 11 4 8 0 0 0 28 1 0 0 0 
0 35 11 4 8 0 0 0 29 1 0 0 0 
0 35 11 4 8 0 0 0 30 1 0 0 0 
0 35 11 4 8 0 0 0 31 1 0 0 0 
0 35 11 4 8 0 0 0 32 0 1 0 0 
0 23 19 5 6 0 0 48 14 1 0 0 0 
0 23 19 5 6 0 0 48 14 0 0 0 0 
0 23 19 5 6 0 0 48 14 1 0 0 0 
0 23 19 5 6 0 0 48 14 0 0 0 0 
0 23 19 5 6 0 0 48 14 1 0 0 0 
0 23 19 5 6 0 0 48 14 0 0 0 0 
0 23 19 5 6 0 0 48 14 1 0 0 0 
0 23 19 5 6 0 0 48 14 0 0 0 0 
0 23 19 5 6 0 0 48 14 1 0 0 0 
0 23 19 5 6 0 0 48 14 0 0 0 0 
0 23 19 5 6 0 0 48 14 1 0 0 0 
0 23 19 5 6 0 0 48 14 0 0 0 0 
0 23 19 5 6 0 0 48 14 1 0 0 0 
0 23 19 5 6 0 0 48 14 0 0 0 0 
0 23 19 5 6 0 0 48 14 1 0 0 0 
0 23 19 5 6 0 0 48 14 0 0 0 0 
0 35 11 1 8 0 0 0 1 1 0 0 0 
0 35 11 1 8 0 0 0 2 1 0 0 0 
0 35 11 1 8 0 0 0 3 1 0 0 0 
0 35 11 1 8 0 0 0 4 1 0 0 0 
0 35 11 1 8 0 0 0 5 1 0 0 0 
0 35 11 1 8 0 0 0 6 1 0 0 0 
0 35 11 1 8 0 0 0 7 1 0 0 0 
0 35 11 1 8 0 0 0 8 1 0 0 0 
0 35 11 2 8 0 0 0 9 1 0 0 0 
0 35 11 2 8 0 0 0 10 1 0 0 0 
0 35 11 2 8 0 0 0 11 1 0 0 0 
0 35 11 2 8 0 0 0 12 1 0 0 0 
0 35 11 2 8 0 0 0 13 1 0 0 0 
0 35 11 2 8 0 0 0 14 1 0 0 0 
0 35 11 2 8 0 0 0 15 1 0 0 0 
0 35 11 2 8 0 0 0 16 1 0 0 0 
0 35 11 3 8 0 0 0 17 1 0 0 0 
0 35 11 3 8 0 0 0 18 1 0 0 0 
0 35 11 3 8 0 0 0 19 1 0 0 0 
0 35 11 3 8 0 0 0 20 1 0 0 0 
0 35 11 3 8 0 0 0 21 1 0 0 0 
0 35 11 3 8 0 0 0 22 1 0 0 0 
0 35 11 3 8 0 0 0 23 1 0 0 0 
0 35 11 3 8 0 0 0 24 1 0 0 0 
0 35 11 4 8 0 0 0 25 0 1 0 0 
0 35 11 4 8 0 0 0 26 0 1 0 0 
0 35 11 4 8 0 0 0 27 0 1 0 0 
0 35 11 4 8 0 0 0 28 1 0 0 0 
0 35 11 4 8 0 0 0 29 1 0 0 0 
0 35 11 4 8 0 0 0 30 1 0 0 0 
0 35 11 4 8 0 0 0 31 1 0 0 0 
0 35 11 4 8 0 0 0 32 0 1 0 0 
0 23 19 5 6 0 0 48 14 1 0 0 0 
0 23 19 5 6 0 0 48 14 0 0 0 0 
0 23 19 5 6 0 0 48 14 1 0 0 0 
0 23 19 5 6 0 0 48 14 0 0 0 0 
0 23 19 5 6 0 0 48 14 1 0 0 0 
0 23 19 5 6 0 0 48 14 0 0 0 0 
0 23 19 5 6 0 0 48 14 1 0 0 0 
0 23 19 5 6 0 0 48 14 0 0 0 0 
0 23 19 5 6 0 0 48 14 1 0 0 0 
0 0 0 0 0 0 0 0 0 0 0 0 0 
0 23 19 5 6 0 0 48 14 0 0 0 0 
0 23 19 5 6 0 0 48 14 1 0 0 0 
0 23 19 5 6 0 0 48 14 0 0 0 0 
0 23 19 5 6 0 0 48 14 1 0 0 0 
0 23 19 5 6 0 0 48 14 0 0 0 0 
0 23 19 5 6 0 0 48 14 1 0 0 0 
0 23 19 5 6 0 0 48 14 0 0 0 0 
0 23 19 5 6 0 0 48 14 1 0 0 0 
0 23 19 5 6 0 0 48 14 0 0 0 0 
0 23 19 5 6 0 0 48 14 1 0 0 0 
0 23 19 5 6 0 0 48 14 0 0 0 0 
0 23 19 5 6 0 0 48 14 1 0 0 0 
0 23 19 5 6 0 0 48 14 0 0 0 0 
0 23 19 5 6 0 0 48 14 1 0 0 0 
0 23 19 5 6 0 0 48 14 0 0 0 0 
0 23 19 5 6 0 0 48 14 1 0 0 0 
0 23 19 5 6 0 0 48 14 0 0 0 0 
0 23 19 5 6 0 0 48 14 1 0 0 0 
0 23 19 5 6 0 0 48 14 0 0 0 0 
0 23 19 5 6 0 0 48 14 1 0 0 0 
0 23 19 5 6 0 0 48 14 0 0 0 0 
0 23 19 5 6 0 0 48 14 1 0 0 0 
0 23 19 5 6 0 0 48 14 0 0 0 0 
0 23 19 5 6 0 0 48 14 1 0 0 0 
0 23 19 5 6 0 0 48 14 0 0 0 0 
0 23 19 5 6 0 0 48 14 1 0 0 0 
0 23 19 5 6 0 0 48 14 0 0 0 0 
0 23 19 5 6 0 0 48 14 1 0 0 0 
0 23 19 5 6 0 0 48 14 0 0 0 0 
0 23 19 5 6 0 0 48 14 1 0 0 0 
0 23 19 5 6 0 0 48 14 0 0 0 0 
0 0 0 0 0 0 0 0 0 0 0 0 0 
0 23 19 5 6 0 0 48 14 1 0 0 0 
0 23 19 5 6 0 0 48 14 0 0 0 0 
0 23 19 5 6 0 0 48 14 1 0 0 0 
0 23 19 5 6 0 0 48 14 0 0 0 0 
0 23 19 5 6 0 0 48 14 1 0 0 0 
0 23 19 5 6 0 0 48 14 0 0 0 0 
0 23 19 5 6 0 0 48 14 1 0 0 0 
0 23 19 5 6 0 0 48 14 0 0 0 0 
0 23 19 5 6 0 0 48 14 1 0 0 0 
0 23 19 5 6 0 0 48 14 0 0 0 0 
0 0 0 0 0 0 0 0 0 0 0 0 0 
0 23 19 5 6 0 0 48 14 1 0 0 0 
0 23 19 5 6 0 0 48 14 0 0 0 0 
0 23 19 5 6 0 0 48 14 1 0 0 0 
0 23 19 5 6 0 0 48 14 0 0 0 0 
0 23 19 5 6 0 0 48 14 1 0 0 0 
0 23 19 5 6 0 0 48 14 0 0 0 0 
0 23 19 5 6 0 0 48 14 1 0 0 0 
0 23 19 5 6 0 0 48 14 0 0 0 0 
0 23 19 5 6 0 0 48 14 1 0 0 0 
0 23 19 5 6 0 0 48 14 0 0 0 0 
0 23 19 5 6 0 0 48 14 1 0 0 0 
0 23 19 5 6 0 0 48 14 0 0 0 0 
0 23 19 5 6 0 0 48 14 1 0 0 0 
0 23 19 5 6 0 0 48 14 0 0 0 0 
0 23 19 5 6 0 0 48 14 1 0 0 0 
0 23 19 5 6 0 0 48 14 0 0 0 0 
0 23 19 5 6 0 0 48 14 1 0 0 0 
0 23 19 5 6 0 0 48 14 0 0 0 0 
0 23 19 5 6 0 0 48 14 1 0 0 0 
0 23 19 5 0 0 0 0 0 0 0 0 0 
6 0 0 48 14 0 0 0 0 0 0 0 0 
0 23 19 5 6 0 0 48 14 1 0 0 0 
0 23 19 5 6 0 0 48 14 0 0 0 0 
0 23 19 5 6 0 0 48 14 1 0 0 0 
0 23 19 5 6 0 0 48 14 0 0 0 0 
0 23 19 5 6 0 0 48 14 1 0 0 0 
0 23 19 5 6 0 0 48 14 0 0 0 0 
0 23 19 5 6 0 0 48 14 1 0 0 0 
0 23 19 5 6 0 0 48 14 0 0 0 0 
0 23 19 5 6 0 0 48 14 1 0 0 0 
0 23 19 5 6 0 0 48 14 0 0 0 0 
0 23 19 5 6 0 0 48 14 1 0 0 0 
0 23 19 5 6 0 0 48 14 0 0 0 0 
0 23 19 5 6 0 0 48 14 1 0 0 0 
0 23 19 5 6 0 0 48 14 0 0 0 0 
0 23 19 5 6 0 0 48 14 1 0 0 0 
0 23 19 5 6 0 0 48 14 0 0 0 0 
0 23 19 5 6 0 0 48 14 1 0 0 0 
0 23 19 5 6 0 0 48 14 0 0 0 0 
0 23 19 5 6 0 0 48 14 1 0 0 0 
0 23 19 5 6 0 0 48 14 0 0 0 0 
0 23 19 5 6 0 0 48 14 1 0 0 0 
0 23 19 5 6 0 0 48 14 0 0 0 0 
0 23 19 5 6 0 0 48 14 1 0 0 0 
0 23 19 5 6 0 0 48 14 0 0 0 0 
0 23 19 5 6 0 0 48 14 1 0 0 0 
0 23 19 5 6 0 0 48 14 0 0 0 0 
0 23 19 5 6 0 0 48 14 1 0 0 0 
0 23 19 5 6 0 0 48 14 0 0 0 0 
0 23 19 5 6 0 0 48 14 1 0 0 0 
0 23 19 5 6 0 0 48 14 0 0 0 0 
0 23 19 5 6 0 0 48 14 1 0 0 0 
0 23 19 5 6 0 0 48 14 0 0 0 0 
0 23 19 5 6 0 0 48 14 1 0 0 0 
0 23 19 5 6 0 0 48 14 0 0 0 0 
0 23 19 5 6 0 0 48 14 1 0 0 0 
0 23 19 5 6 0 0 48 14 0 0 0 0 
0 23 19 5 6 0 0 48 14 1 0 0 0 
0 23 19 5 6 0 0 48 14 0 0 0 0 
0 23 19 5 6 0 0 48 14 1 0 0 0 
0 23 19 5 6 0 0 48 14 0 0 0 0 
0 0 0 0 0 0 0 0 0 0 0 0 0 
23 19 5 6 0 0 48 14 1 0 0 0 0 
0 23 19 5 6 0 0 48 14 0 0 0 0 
0 23 19 5 6 0 0 48 14 1 0 0 0 
0 23 19 5 6 0 0 48 14 0 0 0 0 
0 23 19 5 6 0 0 48 14 1 0 0 0 
0 23 19 5 6 0 0 48 14 0 0 0 0 
0 23 19 5 6 0 0 48 14 1 0 0 0 
0 23 19 5 6 0 0 48 14 1 0 0 0 
0 23 19 5 6 0 0 48 14 0 0 0 0 
0 23 19 5 6 0 0 48 14 1 0 0 0 
0 23 19 5 6 0 0 48 14 0 0 0 0 
0 35 11 3 0 0 0 0 0 0 0 0 0 
8 0 0 0 17 1 0 0 0 0 35 11 1 
8 0 0 0 1 1 0 0 0 0 35 11 1 
8 0 0 0 2 1 0 0 0 0 35 11 1 
8 0 0 0 3 1 0 0 0 0 35 11 1 
8 0 0 0 4 1 0 0 0 0 35 11 1 
8 0 0 0 5 1 0 0 0 0 35 11 1 
8 0 0 0 6 1 0 0 0 0 35 11 1 
8 0 0 0 7 1 0 0 0 0 35 11 1 
8 0 0 0 8 1 0 0 0 0 35 11 2 
8 0 0 0 9 1 0 0 0 0 35 11 2 
8 0 0 0 10 1 0 0 0 0 35 11 2 
8 0 0 0 11 1 0 0 0 0 35 11 2 
8 0 0 0 12 1 0 0 0 0 35 11 2 
8 0 0 0 13 1 0 0 0 0 35 11 2 
8 0 0 0 14 1 0 0 0 0 35 11 2 
8 0 0 0 15 1 0 0 0 0 35 11 2 
8 0 0 0 16 1 0 0 0 0 35 11 3 
8 0 0 0 18 1 0 0 0 0 35 11 3 
8 0 0 0 19 1 0 0 0 0 35 11 3 
8 0 0 0 20 1 0 0 0 0 35 11 3 
8 0 0 0 21 1 0 0 0 0 35 11 3 
8 0 0 0 22 1 0 0 0 0 35 11 3 
8 0 0 0 23 1 0 0 0 0 35 11 3 
8 0 0 0 24 1 0 0 0 0 35 11 4 
8 0 0 0 25 0 1 0 0 0 35 11 4 
8 0 0 0 26 0 1 0 0 0 35 11 4 
8 0 0 0 27 0 1 0 0 0 35 11 4 
8 0 0 0 28 1 0 0 0 0 35 11 4 
8 0 0 0 29 1 0 0 0 0 35 11 4 
8 0 0 0 30 1 0 0 0 0 35 11 4 
8 0 0 0 31 1 0 0 0 0 35 11 4 
8 0 0 0 32 0 1 0 0 0 35 11 4 
0 23 19 5 6 0 0 48 14 1 0 0 0 
0 23 19 5 6 0 0 48 14 0 0 0 0 
0 23 19 5 6 0 0 48 14 1 0 0 0 
0 23 19 5 6 0 0 48 14 0 0 0 0 
0 23 19 5 0 0 0 0 0 0 0 0 0 
6 0 0 48 14 1 0 0 0 0 0 0 0 
0 23 19 5 6 0 0 48 14 0 0 0 0 
0 23 19 5 6 0 0 48 14 1 0 0 0 
0 23 19 5 6 0 0 48 14 0 0 0 0 
0 23 19 5 6 0 0 48 14 1 0 0 0 
0 23 19 5 6 0 0 48 14 0 0 0 0 
0 23 19 5 6 0 0 48 14 1 0 0 0 
0 23 19 5 6 0 0 48 14 0 0 0 0 
0 23 19 5 6 0 0 48 14 1 0 0 0 
0 23 19 5 6 0 0 48 14 0 0 0 0 
0 23 19 5 6 0 0 0 0 0 0 0 0 
0 0 48 14 1 0 0 0 0 0 0 0 0 
0 23 19 5 6 0 0 48 14 0 0 0 0 
0 23 19 5 6 0 0 48 14 1 0 0 0 
0 23 19 5 6 0 0 48 14 0 0 0 0 
0 23 19 5 6 0 0 48 14 1 0 0 0 
0 23 19 5 6 0 0 48 14 0 0 0 0 
0 23 19 5 6 0 0 48 14 1 0 0 0 
0 23 19 5 6 0 0 48 14 0 0 0 0 
0 23 19 5 6 0 0 48 14 1 0 0 0 
0 23 19 5 6 0 0 48 14 0 0 0 0 
0 23 19 5 6 0 0 48 14 1 0 0 0 
0 0 0 0 0 0 0 0 0 0 0 0 0 
0 0 0 0 0 0 0 0 0 0 0 0 0 
23 19 5 6 0 0 48 14 0 0 0 0 0 
0 23 19 5 6 0 0 48 14 1 0 0 0 
0 23 19 5 6 0 0 48 14 0 0 0 0 
0 23 19 5 6 0 0 48 14 1 0 0 0 
0 23 19 5 6 0 0 48 14 0 0 0 0 
0 23 19 5 6 0 0 48 14 1 0 0 0 
0 23 19 5 6 0 0 48 14 0 0 0 0 
0 23 19 5 6 0 0 48 14 1 0 0 0 
0 23 19 5 6 0 0 48 14 0 0 0 0 
0 23 19 5 6 0 0 48 14 1 0 0 0 
0 0 0 0 0 0 0 0 0 0 0 0 0 
0 23 19 5 6 0 0 48 14 0 0 0 0 
0 23 19 5 6 0 0 48 14 1 0 0 0 
0 23 19 5 6 0 0 48 14 0 0 0 0 
0 23 19 5 6 0 0 48 14 1 0 0 0 
0 23 19 5 6 0 0 48 14 0 0 0 0 
0 23 19 5 6 0 0 48 14 1 0 0 0 
0 23 19 5 6 0 0 48 14 0 0 0 0 
0 23 19 5 6 0 0 48 14 1 0 0 0 
0 23 19 5 6 0 0 48 14 0 0 0 0 
0 35 11 2 8 0 0 0 9 1 0 0 0 
0 35 11 1 8 0 0 0 1 1 0 0 0 
0 35 11 1 8 0 0 0 2 1 0 0 0 
0 35 11 1 8 0 0 0 3 1 0 0 0 
0 35 11 1 8 0 0 0 4 1 0 0 0 
0 35 11 1 8 0 0 0 5 1 0 0 0 
0 35 11 1 8 0 0 0 6 1 0 0 0 
0 35 11 1 8 0 0 0 7 1 0 0 0 
0 35 11 1 8 0 0 0 8 1 0 0 0 
0 35 11 2 8 0 0 0 10 1 0 0 0 
0 35 11 2 8 0 0 0 11 1 0 0 0 
0 35 11 2 8 0 0 0 12 1 0 0 0 
0 35 11 2 8 0 0 0 13 1 0 0 0 
0 35 11 2 8 0 0 0 14 1 0 0 0 
0 35 11 2 8 0 0 0 15 1 0 0 0 
0 35 11 2 8 0 0 0 16 1 0 0 0 
0 35 11 3 8 0 0 0 17 1 0 0 0 
0 35 11 3 8 0 0 0 18 1 0 0 0 
0 35 11 3 8 0 0 0 19 1 0 0 0 
0 35 11 3 8 0 0 0 20 1 0 0 0 
0 35 11 3 8 0 0 0 21 1 0 0 0 
0 35 11 3 8 0 0 0 22 1 0 0 0 
0 35 11 3 8 0 0 0 23 1 0 0 0 
0 35 11 3 8 0 0 0 24 1 0 0 0 
0 35 11 4 8 0 0 0 25 0 1 0 0 
0 35 11 4 8 0 0 0 26 0 1 0 0 
0 35 11 4 8 0 0 0 27 0 1 0 0 
0 35 11 4 8 0 0 0 28 1 0 0 0 
0 35 11 4 8 0 0 0 29 1 0 0 0 
0 35 11 4 8 0 0 0 30 1 0 0 0 
0 35 11 4 8 0 0 0 31 1 0 0 0 
0 35 11 4 8 0 0 0 32 0 1 0 0 
0 23 19 5 6 0 0 48 14 1 0 0 0 
0 0 0 0 0 0 0 0 0 0 0 0 0 
0 23 19 5 6 0 0 48 14 0 0 0 0 
0 23 19 5 6 0 0 48 14 1 0 0 0 
0 23 19 5 6 0 0 48 14 0 0 0 0 
0 23 19 5 6 0 0 48 14 1 0 0 0 
0 23 19 5 6 0 0 48 14 0 0 0 0 
0 23 19 5 6 0 0 48 14 1 0 0 0 
0 23 19 5 6 0 0 48 14 0 0 0 0 
0 23 19 5 6 0 0 48 14 1 0 0 0 
0 23 19 5 6 0 0 48 14 0 0 0 0 
0 23 19 5 6 0 0 48 14 1 0 0 0 
0 23 19 5 6 0 0 48 14 0 0 0 0 
0 23 19 5 6 0 0 48 14 1 0 0 0 
0 23 19 5 6 0 0 48 14 0 0 0 0 
0 23 19 5 6 0 0 48 14 1 0 0 0 
0 23 19 5 6 0 0 48 14 0 0 0 0 
0 23 19 5 6 0 0 48 14 1 0 0 0 
0 23 19 5 6 0 0 48 14 0 0 0 0 
0 23 19 5 6 0 0 48 14 0 0 0 0 
0 23 19 5 6 0 0 48 14 1 0 0 0 
0 23 19 5 6 0 0 48 14 0 0 0 0 
0 23 19 5 6 0 0 48 14 1 0 0 0 
0 23 19 5 6 0 0 48 14 0 0 0 0 
0 23 19 5 6 0 0 48 14 1 0 0 0 
0 23 19 5 6 0 0 48 14 0 0 0 0 
0 23 19 5 6 0 0 48 14 1 0 0 0 
0 35 11 2 8 0 0 0 9 1 0 0 0 
0 35 11 1 8 0 0 0 1 1 0 0 0 
0 35 11 1 8 0 0 0 2 1 0 0 0 
0 35 11 1 8 0 0 0 3 1 0 0 0 
0 35 11 1 8 0 0 0 4 1 0 0 0 
0 35 11 1 8 0 0 0 5 1 0 0 0 
0 35 11 1 8 0 0 0 6 1 0 0 0 
0 35 11 1 8 0 0 0 7 1 0 0 0 
0 35 11 1 8 0 0 0 8 1 0 0 0 
0 35 11 2 8 0 0 0 10 1 0 0 0 
0 35 11 2 8 0 0 0 11 1 0 0 0 
0 35 11 2 8 0 0 0 12 1 0 0 0 
0 35 11 2 8 0 0 0 13 1 0 0 0 
0 35 11 2 8 0 0 0 14 1 0 0 0 
0 35 11 2 8 0 0 0 15 1 0 0 0 
0 35 11 2 8 0 0 0 16 1 0 0 0 
0 35 11 3 8 0 0 0 17 1 0 0 0 
0 35 11 3 8 0 0 0 18 1 0 0 0 
0 35 11 3 8 0 0 0 19 1 0 0 0 
0 35 11 3 8 0 0 0 20 1 0 0 0 
0 35 11 3 8 0 0 0 21 1 0 0 0 
0 35 11 3 8 0 0 0 22 1 0 0 0 
0 35 11 3 8 0 0 0 23 1 0 0 0 
0 35 11 3 8 0 0 0 24 1 0 0 0 
0 35 11 4 8 0 0 0 25 0 1 0 0 
0 35 11 4 8 0 0 0 26 0 1 0 0 
0 35 11 4 8 0 0 0 27 0 1 0 0 
0 35 11 4 8 0 0 0 28 1 0 0 0 
0 35 11 4 8 0 0 0 29 1 0 0 0 
0 35 11 4 8 0 0 0 30 1 0 0 0 
0 35 11 4 8 0 0 0 31 1 0 0 0 
0 35 11 4 8 0 0 0 32 0 1 0 0 
0 23 19 5 6 0 0 48 14 0 0 0 0 
0 23 19 5 6 0 0 48 14 1 0 0 0 
0 23 19 5 6 0 0 48 14 0 0 0 0 
0 23 19 5 6 0 0 48 14 1 0 0 0 
0 23 19 5 6 0 0 48 14 0 0 0 0 
0 23 19 5 6 0 0 48 14 1 0 0 0 
0 23 19 5 6 0 0 48 14 0 0 0 0 
0 23 19 5 6 0 0 48 14 1 0 0 0 
0 23 19 5 6 0 0 48 14 0 0 0 0 
0 23 19 5 6 0 0 48 14 1 0 0 0 
0 23 19 5 6 0 0 48 14 0 0 0 0 
0 23 19 0 0 0 0 0 0 0 0 0 0 
5 6 0 0 48 14 1 0 0 0 0 0 0 
0 23 19 5 6 0 0 48 14 0 0 0 0 
0 23 19 5 6 0 0 48 14 1 0 0 0 
0 23 19 5 6 0 0 48 14 0 0 0 0 
0 23 19 5 6 0 0 48 14 1 0 0 0 
0 23 19 5 6 0 0 48 14 0 0 0 0 
0 23 19 5 6 0 0 48 14 1 0 0 0 
0 23 19 5 6 0 0 48 14 0 0 0 0 
0 23 19 5 6 0 0 48 14 1 0 0 0 
0 23 19 5 6 0 0 48 14 0 0 0 0 
0 23 19 5 6 0 0 48 14 1 0 0 0 
0 23 19 5 6 0 0 48 14 0 0 0 0 
0 23 19 5 6 0 0 48 14 1 0 0 0 
0 23 19 5 6 0 0 48 14 0 0 0 0 
0 23 19 5 6 0 0 48 14 1 0 0 0 
0 23 19 5 6 0 0 48 14 0 0 0 0 
0 23 19 5 6 0 0 48 14 1 0 0 0 
0 23 19 5 6 0 0 48 14 0 0 0 0 
0 23 19 5 6 0 0 48 14 1 0 0 0 
0 0 0 0 0 0 0 0 0 0 0 0 0 
0 23 19 5 6 0 0 48 14 0 0 0 0 
0 23 19 5 6 0 0 48 14 1 0 0 0 
0 23 19 5 6 0 0 48 14 0 0 0 0 
0 23 19 5 6 0 0 48 14 0 0 0 0 
0 23 19 5 6 0 0 48 14 1 0 0 0 
0 23 19 5 6 0 0 48 14 0 0 0 0 
0 23 19 5 6 0 0 48 14 1 0 0 0 
0 23 19 5 6 0 0 48 14 0 0 0 0 
0 0 0 0 0 0 0 0 0 0 0 0 0 
0 23 19 5 6 0 0 48 14 1 0 0 0 
0 23 19 5 6 0 0 48 14 1 0 0 0 
0 23 19 5 6 0 0 48 14 0 0 0 0 
0 23 19 5 6 0 0 48 14 1 0 0 0 
0 23 19 5 6 0 0 48 14 0 0 0 0 
0 23 19 5 6 0 0 48 14 1 0 0 0 
0 23 19 5 6 0 0 48 14 0 0 0 0 
0 23 19 5 6 0 0 48 14 1 0 0 0 
0 35 11 2 8 0 0 0 9 1 0 0 0 
0 35 11 1 8 0 0 0 1 1 0 0 0 
0 35 11 1 8 0 0 0 2 1 0 0 0 
0 35 11 1 8 0 0 0 3 1 0 0 0 
0 35 11 1 8 0 0 0 4 1 0 0 0 
0 35 11 1 8 0 0 0 5 1 0 0 0 
0 35 11 1 8 0 0 0 6 1 0 0 0 
0 35 11 1 8 0 0 0 7 1 0 0 0 
0 35 11 1 8 0 0 0 8 1 0 0 0 
0 35 11 2 8 0 0 0 10 1 0 0 0 
0 35 11 2 8 0 0 0 11 1 0 0 0 
0 35 11 2 8 0 0 0 12 1 0 0 0 
0 35 11 2 8 0 0 0 13 1 0 0 0 
0 35 11 2 8 0 0 0 14 1 0 0 0 
0 35 11 2 8 0 0 0 15 1 0 0 0 
0 35 11 2 8 0 0 0 16 1 0 0 0 
0 35 11 3 8 0 0 0 17 1 0 0 0 
0 35 11 3 8 0 0 0 18 1 0 0 0 
0 35 11 3 8 0 0 0 19 1 0 0 0 
0 35 11 3 8 0 0 0 20 1 0 0 0 
0 35 11 3 8 0 0 0 21 1 0 0 0 
0 35 11 3 8 0 0 0 22 1 0 0 0 
0 35 11 3 8 0 0 0 23 1 0 0 0 
0 35 11 3 8 0 0 0 24 1 0 0 0 
0 35 11 4 8 0 0 0 25 0 1 0 0 
0 35 11 4 8 0 0 0 26 0 1 0 0 
0 35 11 4 8 0 0 0 27 0 1 0 0 
0 35 11 4 8 0 0 0 28 1 0 0 0 
0 35 11 4 8 0 0 0 29 1 0 0 0 
0 35 11 4 8 0 0 0 30 1 0 0 0 
0 35 11 4 8 0 0 0 31 1 0 0 0 
0 35 11 4 8 0 0 0 32 0 1 0 0 
0 23 19 5 6 0 0 48 14 0 0 0 0 
0 23 19 5 6 0 0 48 14 1 0 0 0 
0 23 19 5 6 0 0 48 14 0 0 0 0 
0 23 19 5 6 0 0 48 14 1 0 0 0 
0 23 19 5 6 0 0 48 14 0 0 0 0 
0 0 0 0 0 0 0 0 0 0 0 0 0 
0 35 11 2 8 0 0 0 9 1 0 0 0 
0 35 11 1 8 0 0 0 1 1 0 0 0 
0 35 11 1 8 0 0 0 2 1 0 0 0 
0 35 11 1 8 0 0 0 3 1 0 0 0 
0 35 11 1 8 0 0 0 4 1 0 0 0 
0 35 11 1 8 0 0 0 5 1 0 0 0 
0 35 11 1 8 0 0 0 6 1 0 0 0 
0 35 11 1 8 0 0 0 7 1 0 0 0 
0 35 11 1 8 0 0 0 8 1 0 0 0 
0 35 11 2 8 0 0 0 10 1 0 0 0 
0 35 11 2 8 0 0 0 11 1 0 0 0 
0 35 11 2 8 0 0 0 12 1 0 0 0 
0 35 11 2 8 0 0 0 13 1 0 0 0 
0 35 11 2 8 0 0 0 14 1 0 0 0 
0 35 11 2 8 0 0 0 15 1 0 0 0 
0 35 11 2 8 0 0 0 16 1 0 0 0 
0 35 11 3 8 0 0 0 17 1 0 0 0 
0 35 11 3 8 0 0 0 18 1 0 0 0 
0 35 11 3 8 0 0 0 19 1 0 0 0 
0 35 11 3 8 0 0 0 20 1 0 0 0 
0 35 11 3 8 0 0 0 21 1 0 0 0 
0 35 11 3 8 0 0 0 22 1 0 0 0 
0 35 11 3 8 0 0 0 23 1 0 0 0 
0 35 11 3 8 0 0 0 24 1 0 0 0 
0 35 11 4 8 0 0 0 25 0 1 0 0 
0 35 11 4 8 0 0 0 26 0 1 0 0 
0 35 11 4 8 0 0 0 27 0 1 0 0 
0 35 11 4 8 0 0 0 28 1 0 0 0 
0 35 11 4 8 0 0 0 29 1 0 0 0 
0 35 11 4 8 0 0 0 30 1 0 0 0 
0 35 11 4 8 0 0 0 31 1 0 0 0 
0 35 11 4 8 0 0 0 32 0 1 0 0 
0 23 19 5 6 0 0 48 14 1 0 0 0 
0 23 19 5 6 0 0 48 14 0 0 0 0 
0 23 19 5 6 0 0 48 14 1 0 0 0 
0 23 19 5 6 0 0 48 14 0 0 0 0 
0 35 11 1 8 0 0 0 1 1 0 0 0 
0 35 11 1 8 0 0 0 2 1 0 0 0 
0 35 11 1 8 0 0 0 3 1 0 0 0 
0 35 11 1 8 0 0 0 4 1 0 0 0 
0 35 11 1 8 0 0 0 5 1 0 0 0 
0 35 11 1 8 0 0 0 6 1 0 0 0 
0 35 11 1 8 0 0 0 7 1 0 0 0 
0 35 11 1 8 0 0 0 8 1 0 0 0 
0 35 11 2 8 0 0 0 9 1 0 0 0 
0 35 11 2 8 0 0 0 10 1 0 0 0 
0 35 11 2 8 0 0 0 11 1 0 0 0 
0 35 11 2 8 0 0 0 12 1 0 0 0 
0 35 11 2 8 0 0 0 13 1 0 0 0 
0 35 11 2 8 0 0 0 14 1 0 0 0 
0 35 11 2 8 0 0 0 15 1 0 0 0 
0 35 11 2 8 0 0 0 16 1 0 0 0 
0 35 11 3 8 0 0 0 17 1 0 0 0 
0 35 11 3 8 0 0 0 18 1 0 0 0 
0 35 11 3 8 0 0 0 19 1 0 0 0 
0 35 11 3 8 0 0 0 20 1 0 0 0 
0 35 11 3 8 0 0 0 21 1 0 0 0 
0 35 11 3 8 0 0 0 22 1 0 0 0 
0 35 11 3 8 0 0 0 23 1 0 0 0 
0 35 11 3 8 0 0 0 24 1 0 0 0 
0 35 11 4 8 0 0 0 25 0 1 0 0 
0 35 11 4 8 0 0 0 26 0 1 0 0 
0 35 11 4 8 0 0 0 27 0 1 0 0 
0 35 11 4 8 0 0 0 28 1 0 0 0 
0 35 11 4 8 0 0 0 29 1 0 0 0 
0 35 11 4 8 0 0 0 30 1 0 0 0 
0 35 11 4 8 0 0 0 31 1 0 0 0 
0 35 11 4 8 0 0 0 32 0 1 0 0 
0 23 19 5 6 0 0 48 14 1 0 0 0 
0 23 19 5 6 0 0 48 14 0 0 0 0 
0 23 19 5 6 0 0 48 14 1 0 0 0 
0 23 19 5 6 0 0 48 14 0 0 0 0 
0 23 19 5 6 0 0 48 14 1 0 0 0 
0 23 19 5 6 0 0 48 14 0 0 0 0 
0 35 11 2 8 0 0 0 9 1 0 0 0 
0 35 11 1 8 0 0 0 1 1 0 0 0 
0 35 11 1 8 0 0 0 2 1 0 0 0 
0 35 11 1 8 0 0 0 3 1 0 0 0 
0 35 11 1 8 0 0 0 4 1 0 0 0 
0 35 11 1 8 0 0 0 5 1 0 0 0 
0 35 11 1 8 0 0 0 6 1 0 0 0 
0 35 11 1 8 0 0 0 7 1 0 0 0 
0 35 11 1 8 0 0 0 8 1 0 0 0 
0 35 11 2 8 0 0 0 10 1 0 0 0 
0 35 11 2 8 0 0 0 11 1 0 0 0 
0 35 11 2 8 0 0 0 12 1 0 0 0 
0 35 11 2 8 0 0 0 13 1 0 0 0 
0 35 11 2 8 0 0 0 14 1 0 0 0 
0 35 11 2 8 0 0 0 15 1 0 0 0 
0 35 11 2 8 0 0 0 16 1 0 0 0 
0 35 11 3 8 0 0 0 17 1 0 0 0 
0 35 11 3 8 0 0 0 18 1 0 0 0 
0 35 11 3 8 0 0 0 19 1 0 0 0 
0 35 11 3 8 0 0 0 20 1 0 0 0 
0 35 11 3 8 0 0 0 21 1 0 0 0 
0 35 11 3 8 0 0 0 22 1 0 0 0 
0 35 11 3 8 0 0 0 23 1 0 0 0 
0 35 11 3 8 0 0 0 24 1 0 0 0 
0 35 11 4 8 0 0 0 25 0 1 0 0 
0 35 11 4 8 0 0 0 26 0 1 0 0 
0 35 11 4 8 0 0 0 27 0 1 0 0 
0 35 11 4 8 0 0 0 28 1 0 0 0 
0 35 11 4 8 0 0 0 29 1 0 0 0 
0 35 11 4 8 0 0 0 30 1 0 0 0 
0 35 11 4 8 0 0 0 31 1 0 0 0 
0 35 11 4 8 0 0 0 32 0 1 0 0 
0 23 19 5 6 0 0 48 14 1 0 0 0 
0 23 19 5 6 0 0 48 14 0 0 0 0 
0 23 19 5 6 0 0 48 14 1 0 0 0 
0 35 11 1 8 0 0 0 1 1 0 0 0 
0 35 11 1 8 0 0 0 2 1 0 0 0 
0 35 11 1 8 0 0 0 3 1 0 0 0 
0 35 11 1 8 0 0 0 4 1 0 0 0 
0 35 11 1 8 0 0 0 5 1 0 0 0 
0 35 11 1 8 0 0 0 6 1 0 0 0 
0 35 11 1 8 0 0 0 7 1 0 0 0 
0 35 11 1 8 0 0 0 8 1 0 0 0 
0 35 11 2 8 0 0 0 9 1 0 0 0 
0 35 11 2 8 0 0 0 10 1 0 0 0 
0 35 11 2 8 0 0 0 11 1 0 0 0 
0 35 11 2 8 0 0 0 12 1 0 0 0 
0 35 11 2 8 0 0 0 13 1 0 0 0 
0 35 11 2 8 0 0 0 14 1 0 0 0 
0 35 11 2 8 0 0 0 15 1 0 0 0 
0 35 11 2 8 0 0 0 16 1 0 0 0 
0 35 11 3 8 0 0 0 17 1 0 0 0 
0 35 11 3 8 0 0 0 18 1 0 0 0 
0 35 11 3 8 0 0 0 19 1 0 0 0 
0 35 11 3 8 0 0 0 20 1 0 0 0 
0 35 11 3 8 0 0 0 21 1 0 0 0 
0 35 11 3 8 0 0 0 22 1 0 0 0 
0 35 11 3 8 0 0 0 23 1 0 0 0 
0 35 11 3 8 0 0 0 24 1 0 0 0 
0 35 11 4 8 0 0 0 25 0 1 0 0 
0 35 11 4 8 0 0 0 26 0 1 0 0 
0 35 11 4 8 0 0 0 27 0 1 0 0 
0 35 11 4 8 0 0 0 28 1 0 0 0 
0 35 11 4 8 0 0 0 29 1 0 0 0 
0 35 11 4 8 0 0 0 30 1 0 0 0 
0 35 11 4 8 0 0 0 31 1 0 0 0 
0 35 11 4 8 0 0 0 32 0 1 0 0 
0 23 19 5 6 0 0 48 14 0 0 0 0 
0 0 0 0 0 0 0 0 0 0 0 0 0 
0 23 19 5 6 0 0 48 14 0 0 0 0 
0 23 19 5 6 0 0 48 14 1 0 0 0 
0 23 19 5 6 0 0 48 14 0 0 0 0 
0 35 11 1 8 0 0 0 1 1 0 0 0 
0 35 11 1 8 0 0 0 2 1 0 0 0 
0 35 11 1 8 0 0 0 3 1 0 0 0 
0 35 11 1 8 0 0 0 4 1 0 0 0 
0 35 11 1 8 0 0 0 5 1 0 0 0 
0 35 11 1 8 0 0 0 6 1 0 0 0 
0 35 11 1 8 0 0 0 7 1 0 0 0 
0 35 11 1 8 0 0 0 8 1 0 0 0 
0 35 11 2 8 0 0 0 9 1 0 0 0 
0 35 11 2 8 0 0 0 10 1 0 0 0 
0 35 11 2 8 0 0 0 11 1 0 0 0 
0 35 11 2 8 0 0 0 12 1 0 0 0 
0 35 11 2 8 0 0 0 13 1 0 0 0 
0 35 11 2 8 0 0 0 14 1 0 0 0 
0 35 11 2 8 0 0 0 15 1 0 0 0 
0 35 11 2 8 0 0 0 16 1 0 0 0 
0 35 11 3 8 0 0 0 17 1 0 0 0 
0 35 11 3 8 0 0 0 18 1 0 0 0 
0 35 11 3 8 0 0 0 19 1 0 0 0 
0 35 11 3 8 0 0 0 20 1 0 0 0 
0 35 11 3 8 0 0 0 21 1 0 0 0 
0 35 11 3 8 0 0 0 22 1 0 0 0 
0 35 11 3 8 0 0 0 23 1 0 0 0 
0 35 11 3 8 0 0 0 24 1 0 0 0 
0 35 11 4 8 0 0 0 25 0 1 0 0 
0 35 11 4 8 0 0 0 26 0 1 0 0 
0 35 11 4 8 0 0 0 27 0 1 0 0 
0 35 11 4 8 0 0 0 28 1 0 0 0 
0 35 11 4 8 0 0 0 29 1 0 0 0 
0 35 11 4 8 0 0 0 30 1 0 0 0 
0 35 11 4 8 0 0 0 31 1 0 0 0 
0 35 11 4 8 0 0 0 32 0 1 0 0 
0 23 19 5 6 0 0 48 14 1 0 0 0 
0 23 19 5 6 0 0 48 14 1 0 0 0 
0 23 19 5 6 0 0 48 14 0 0 0 0 
0 23 19 5 6 0 0 48 14 1 0 0 0 
0 23 19 5 6 0 0 48 14 0 0 0 0 
0 35 11 4 8 0 0 0 25 0 1 0 0 
0 35 11 1 8 0 0 0 1 1 0 0 0 
0 35 11 1 8 0 0 0 2 1 0 0 0 
0 35 11 1 8 0 0 0 3 1 0 0 0 
0 35 11 1 8 0 0 0 4 1 0 0 0 
0 35 11 1 8 0 0 0 5 1 0 0 0 
0 35 11 1 8 0 0 0 6 1 0 0 0 
0 35 11 1 8 0 0 0 7 1 0 0 0 
0 35 11 1 8 0 0 0 8 1 0 0 0 
0 35 11 2 8 0 0 0 9 1 0 0 0 
0 35 11 2 8 0 0 0 10 1 0 0 0 
0 35 11 2 8 0 0 0 11 1 0 0 0 
0 35 11 2 8 0 0 0 12 1 0 0 0 
0 35 11 2 8 0 0 0 13 1 0 0 0 
0 35 11 2 8 0 0 0 14 1 0 0 0 
0 35 11 2 8 0 0 0 15 1 0 0 0 
0 35 11 2 8 0 0 0 16 1 0 0 0 
0 35 11 3 8 0 0 0 17 1 0 0 0 
0 35 11 3 8 0 0 0 18 1 0 0 0 
0 35 11 3 8 0 0 0 19 1 0 0 0 
0 35 11 3 8 0 0 0 20 1 0 0 0 
0 35 11 3 8 0 0 0 21 1 0 0 0 
0 35 11 3 8 0 0 0 22 1 0 0 0 
0 35 11 3 8 0 0 0 23 1 0 0 0 
0 35 11 3 8 0 0 0 24 1 0 0 0 
0 35 11 4 8 0 0 0 26 0 1 0 0 
0 35 11 4 8 0 0 0 27 0 1 0 0 
0 35 11 4 8 0 0 0 28 1 0 0 0 
0 35 11 4 8 0 0 0 29 1 0 0 0 
0 35 11 4 8 0 0 0 30 1 0 0 0 
0 35 11 4 8 0 0 0 31 1 0 0 0 
0 35 11 4 8 0 0 0 32 0 1 0 0 
0 23 19 5 6 0 0 48 14 1 0 0 0 
0 23 19 5 6 0 0 48 14 0 0 0 0 
0 23 19 5 6 0 0 48 14 1 0 0 0 
0 23 19 5 6 0 0 48 14 0 0 0 0 
0 23 19 5 6 0 0 48 14 1 0 0 0 
0 23 19 5 6 0 0 48 14 0 0 0 0 
0 0 0 0 0 0 0 0 0 0 0 0 0 
0 23 19 5 6 0 0 48 14 1 0 0 0 
0 23 19 5 6 0 0 48 14 0 0 0 0 
0 35 11 2 8 0 0 0 9 1 0 0 0 
0 35 11 1 8 0 0 0 1 1 0 0 0 
0 35 11 1 8 0 0 0 2 1 0 0 0 
0 35 11 1 8 0 0 0 3 1 0 0 0 
0 35 11 1 8 0 0 0 4 1 0 0 0 
0 35 11 1 8 0 0 0 5 1 0 0 0 
0 35 11 1 8 0 0 0 6 1 0 0 0 
0 35 11 1 8 0 0 0 7 1 0 0 0 
0 35 11 1 8 0 0 0 8 1 0 0 0 
0 35 11 2 8 0 0 0 10 1 0 0 0 
0 35 11 2 8 0 0 0 11 1 0 0 0 
0 35 11 2 8 0 0 0 12 1 0 0 0 
0 35 11 2 8 0 0 0 13 1 0 0 0 
0 35 11 2 8 0 0 0 14 1 0 0 0 
0 35 11 2 8 0 0 0 15 1 0 0 0 
0 35 11 2 8 0 0 0 16 1 0 0 0 
0 35 11 3 8 0 0 0 17 1 0 0 0 
0 35 11 3 8 0 0 0 18 1 0 0 0 
0 35 11 3 8 0 0 0 19 1 0 0 0 
0 35 11 3 8 0 0 0 20 1 0 0 0 
0 35 11 3 8 0 0 0 21 1 0 0 0 
0 35 11 3 8 0 0 0 22 1 0 0 0 
0 35 11 3 8 0 0 0 23 1 0 0 0 
0 35 11 3 8 0 0 0 24 1 0 0 0 
0 35 11 4 8 0 0 0 25 0 1 0 0 
0 35 11 4 8 0 0 0 26 0 1 0 0 
0 35 11 4 8 0 0 0 27 0 1 0 0 
0 35 11 4 8 0 0 0 28 1 0 0 0 
0 35 11 4 8 0 0 0 29 1 0 0 0 
0 35 11 4 8 0 0 0 30 1 0 0 0 
0 35 11 4 8 0 0 0 31 1 0 0 0 
0 35 11 4 8 0 0 0 32 0 1 0 0 
0 23 19 5 6 0 0 48 14 1 0 0 0 
0 23 19 5 6 0 0 48 14 0 0 0 0 
0 23 19 5 6 0 0 48 14 1 0 0 0 
0 23 19 5 6 0 0 48 14 0 0 0 0 
0 23 19 5 6 0 0 48 14 1 0 0 0 
0 35 11 3 8 0 0 0 17 1 0 0 0 
0 35 11 1 8 0 0 0 1 1 0 0 0 
0 35 11 1 8 0 0 0 2 1 0 0 0 
0 35 11 1 8 0 0 0 3 1 0 0 0 
0 35 11 1 8 0 0 0 4 1 0 0 0 
0 35 11 1 8 0 0 0 5 1 0 0 0 
0 35 11 1 8 0 0 0 6 1 0 0 0 
0 35 11 1 8 0 0 0 7 1 0 0 0 
0 35 11 1 8 0 0 0 8 1 0 0 0 
0 35 11 2 8 0 0 0 9 1 0 0 0 
0 35 11 2 8 0 0 0 10 1 0 0 0 
0 35 11 2 8 0 0 0 11 1 0 0 0 
0 35 11 2 8 0 0 0 12 1 0 0 0 
0 35 11 2 8 0 0 0 13 1 0 0 0 
0 35 11 2 8 0 0 0 14 1 0 0 0 
0 35 11 2 8 0 0 0 15 1 0 0 0 
0 35 11 2 8 0 0 0 16 1 0 0 0 
0 35 11 3 8 0 0 0 18 1 0 0 0 
0 35 11 3 8 0 0 0 19 1 0 0 0 
0 35 11 3 8 0 0 0 20 1 0 0 0 
0 35 11 3 8 0 0 0 21 1 0 0 0 
0 35 11 3 8 0 0 0 22 1 0 0 0 
0 35 11 3 8 0 0 0 23 1 0 0 0 
0 35 11 3 8 0 0 0 24 1 0 0 0 
0 35 11 4 8 0 0 0 25 0 1 0 0 
0 35 11 4 8 0 0 0 26 0 1 0 0 
0 35 11 4 8 0 0 0 27 0 1 0 0 
0 35 11 4 8 0 0 0 28 1 0 0 0 
0 35 11 4 8 0 0 0 29 1 0 0 0 
0 35 11 4 8 0 0 0 30 1 0 0 0 
0 35 11 4 8 0 0 0 31 1 0 0 0 
0 35 11 4 8 0 0 0 32 0 1 0 0 
0 23 19 5 6 0 0 48 14 0 0 0 0 
0 23 19 5 6 0 0 48 14 1 0 0 0 
0 35 11 3 8 0 0 0 17 1 0 0 0 
0 35 11 1 8 0 0 0 1 1 0 0 0 
0 35 11 1 8 0 0 0 2 1 0 0 0 
0 35 11 1 8 0 0 0 3 1 0 0 0 
0 35 11 1 8 0 0 0 4 1 0 0 0 
0 35 11 1 8 0 0 0 5 1 0 0 0 
0 35 11 1 8 0 0 0 6 1 0 0 0 
0 35 11 1 8 0 0 0 7 1 0 0 0 
0 35 11 1 8 0 0 0 8 1 0 0 0 
0 35 11 2 8 0 0 0 9 1 0 0 0 
0 35 11 2 8 0 0 0 10 1 0 0 0 
0 35 11 2 8 0 0 0 11 1 0 0 0 
0 35 11 2 8 0 0 0 12 1 0 0 0 
0 35 11 2 8 0 0 0 13 1 0 0 0 
0 35 11 2 8 0 0 0 14 1 0 0 0 
0 35 11 2 8 0 0 0 15 1 0 0 0 
0 35 11 2 8 0 0 0 16 1 0 0 0 
0 35 11 3 8 0 0 0 18 1 0 0 0 
0 35 11 3 8 0 0 0 19 1 0 0 0 
0 35 11 3 8 0 0 0 20 1 0 0 0 
0 35 11 3 8 0 0 0 21 1 0 0 0 
0 35 11 3 8 0 0 0 22 1 0 0 0 
0 35 11 3 8 0 0 0 23 1 0 0 0 
0 35 11 3 8 0 0 0 24 1 0 0 0 
0 35 11 4 8 0 0 0 25 0 1 0 0 
0 35 11 4 8 0 0 0 26 0 1 0 0 
0 35 11 4 8 0 0 0 27 0 1 0 0 
0 35 11 4 8 0 0 0 28 1 0 0 0 
0 35 11 4 8 0 0 0 29 1 0 0 0 
0 35 11 4 8 0 0 0 30 1 0 0 0 
0 35 11 4 8 0 0 0 31 1 0 0 0 
0 35 11 4 8 0 0 0 32 0 1 0 0 
0 0 0 0 0 0 0 0 0 0 0 0 0 
23 19 5 6 0 0 48 14 0 0 0 0 0 
0 23 19 5 6 0 0 48 14 1 0 0 0 
0 23 19 5 6 0 0 48 14 0 0 0 0 
0 23 19 5 6 0 0 48 14 1 0 0 0 
0 23 19 5 6 0 0 48 14 0 0 0 0 
0 23 19 5 6 0 0 48 14 0 0 0 0 
0 23 19 5 6 0 0 48 14 1 0 0 0 
0 23 19 5 6 0 0 48 14 0 0 0 0 
0 35 11 3 8 0 0 0 17 1 0 0 0 
0 35 11 1 8 0 0 0 1 1 0 0 0 
0 35 11 1 8 0 0 0 2 1 0 0 0 
0 35 11 1 8 0 0 0 3 1 0 0 0 
0 35 11 1 8 0 0 0 4 1 0 0 0 
0 35 11 1 8 0 0 0 5 1 0 0 0 
0 35 11 1 8 0 0 0 6 1 0 0 0 
0 35 11 1 8 0 0 0 7 1 0 0 0 
0 35 11 1 8 0 0 0 8 1 0 0 0 
0 35 11 2 8 0 0 0 9 1 0 0 0 
0 35 11 2 8 0 0 0 10 1 0 0 0 
0 35 11 2 8 0 0 0 11 1 0 0 0 
0 35 11 2 8 0 0 0 12 1 0 0 0 
0 35 11 2 8 0 0 0 13 1 0 0 0 
0 35 11 2 8 0 0 0 14 1 0 0 0 
0 35 11 2 8 0 0 0 15 1 0 0 0 
0 35 11 2 8 0 0 0 16 1 0 0 0 
0 35 11 3 8 0 0 0 18 1 0 0 0 
0 35 11 3 8 0 0 0 19 1 0 0 0 
0 35 11 3 8 0 0 0 20 1 0 0 0 
0 35 11 3 8 0 0 0 21 1 0 0 0 
0 35 11 3 8 0 0 0 22 1 0 0 0 
0 35 11 3 8 0 0 0 23 1 0 0 0 
0 35 11 3 8 0 0 0 24 1 0 0 0 
0 35 11 4 8 0 0 0 25 0 1 0 0 
0 35 11 4 8 0 0 0 26 0 1 0 0 
0 35 11 4 8 0 0 0 27 0 1 0 0 
0 35 11 4 8 0 0 0 28 1 0 0 0 
0 35 11 4 8 0 0 0 29 1 0 0 0 
0 35 11 4 8 0 0 0 30 1 0 0 0 
0 35 11 4 8 0 0 0 31 1 0 0 0 
0 35 11 4 8 0 0 0 32 0 1 0 0 
0 23 19 5 6 0 0 48 14 1 0 0 0 
0 23 19 5 6 0 0 48 14 0 0 0 0 
0 23 19 5 6 0 0 48 14 1 0 0 0 
0 23 19 5 6 0 0 48 14 0 0 0 0 
0 23 19 5 6 0 0 48 14 1 0 0 0 
0 23 19 5 6 0 0 48 14 0 0 0 0 
0 23 19 5 6 0 0 48 14 1 0 0 0 
0 23 19 5 6 0 0 48 14 0 0 0 0 
0 23 19 5 6 0 0 48 14 1 0 0 0 
0 0 0 0 0 0 0 0 0 0 0 0 0 
23 19 5 6 0 0 48 14 0 0 0 0 0 
0 23 19 5 6 0 0 48 14 1 0 0 0 
0 23 19 5 6 0 0 48 14 0 0 0 0 
0 23 19 5 6 0 0 48 14 1 0 0 0 
0 23 19 5 6 0 0 48 14 1 0 0 0 
0 23 19 5 6 0 0 48 14 0 0 0 0 
0 23 19 5 6 0 0 48 14 1 0 0 0 
0 23 19 5 6 0 0 48 14 0 0 0 0 
0 23 19 5 6 0 0 48 14 1 0 0 0 
0 35 11 4 8 0 0 0 25 0 1 0 0 
0 35 11 1 8 0 0 0 1 1 0 0 0 
0 35 11 1 8 0 0 0 2 1 0 0 0 
0 35 11 1 8 0 0 0 3 1 0 0 0 
0 35 11 1 8 0 0 0 4 1 0 0 0 
0 35 11 1 8 0 0 0 5 1 0 0 0 
0 35 11 1 8 0 0 0 6 1 0 0 0 
0 35 11 1 8 0 0 0 7 1 0 0 0 
0 35 11 1 8 0 0 0 8 1 0 0 0 
0 35 11 2 8 0 0 0 9 1 0 0 0 
0 35 11 2 8 0 0 0 10 1 0 0 0 
0 35 11 2 8 0 0 0 11 1 0 0 0 
0 35 11 2 8 0 0 0 12 1 0 0 0 
0 35 11 2 8 0 0 0 13 1 0 0 0 
0 35 11 2 8 0 0 0 14 1 0 0 0 
0 35 11 2 8 0 0 0 15 1 0 0 0 
0 35 11 2 8 0 0 0 16 1 0 0 0 
0 35 11 3 8 0 0 0 17 1 0 0 0 
0 35 11 3 8 0 0 0 18 1 0 0 0 
0 35 11 3 8 0 0 0 19 1 0 0 0 
0 35 11 3 8 0 0 0 20 1 0 0 0 
0 35 11 3 8 0 0 0 21 1 0 0 0 
0 35 11 3 8 0 0 0 22 1 0 0 0 
0 35 11 3 8 0 0 0 23 1 0 0 0 
0 35 11 3 8 0 0 0 24 1 0 0 0 
0 35 11 4 8 0 0 0 26 0 1 0 0 
0 35 11 4 8 0 0 0 27 0 1 0 0 
0 35 11 4 8 0 0 0 28 1 0 0 0 
0 35 11 4 8 0 0 0 29 1 0 0 0 
0 35 11 4 8 0 0 0 30 1 0 0 0 
0 35 11 4 8 0 0 0 31 1 0 0 0 
0 35 11 4 8 0 0 0 32 0 1 0 0 
0 23 19 5 6 0 0 48 14 0 0 0 0 
0 23 19 5 6 0 0 48 14 1 0 0 0 
0 23 19 0 0 0 0 0 0 0 0 0 0 
5 6 0 0 48 14 0 0 0 0 0 0 0 
0 23 19 5 6 0 0 48 14 1 0 0 0 
0 35 11 2 8 0 0 0 9 1 0 0 0 
0 35 11 1 8 0 0 0 1 1 0 0 0 
0 35 11 1 8 0 0 0 2 1 0 0 0 
0 35 11 1 8 0 0 0 3 1 0 0 0 
0 35 11 1 8 0 0 0 4 1 0 0 0 
0 35 11 1 8 0 0 0 5 1 0 0 0 
0 35 11 1 8 0 0 0 6 1 0 0 0 
0 35 11 1 8 0 0 0 7 1 0 0 0 
0 35 11 1 8 0 0 0 8 1 0 0 0 
0 35 11 2 8 0 0 0 10 1 0 0 0 
0 35 11 2 8 0 0 0 11 1 0 0 0 
0 35 11 2 8 0 0 0 12 1 0 0 0 
0 35 11 2 8 0 0 0 13 1 0 0 0 
0 35 11 2 8 0 0 0 14 1 0 0 0 
0 35 11 2 8 0 0 0 15 1 0 0 0 
0 35 11 2 8 0 0 0 16 1 0 0 0 
0 35 11 3 8 0 0 0 17 1 0 0 0 
0 35 11 3 8 0 0 0 18 1 0 0 0 
0 35 11 3 8 0 0 0 19 1 0 0 0 
0 35 11 3 8 0 0 0 20 1 0 0 0 
0 35 11 3 8 0 0 0 21 1 0 0 0 
0 35 11 3 8 0 0 0 22 1 0 0 0 
0 35 11 3 8 0 0 0 23 1 0 0 0 
0 35 11 3 8 0 0 0 24 1 0 0 0 
0 35 11 4 8 0 0 0 25 0 1 0 0 
0 35 11 4 8 0 0 0 26 0 1 0 0 
0 35 11 4 8 0 0 0 27 0 1 0 0 
0 35 11 4 8 0 0 0 28 1 0 0 0 
0 35 11 4 8 0 0 0 29 1 0 0 0 
0 35 11 4 8 0 0 0 30 1 0 0 0 
0 35 11 4 8 0 0 0 31 1 0 0 0 
0 35 11 4 8 0 0 0 32 0 1 0 0 
0 23 19 5 6 0 0 48 14 0 0 0 0 
0 23 19 5 6 0 0 48 14 1 0 0 0 
0 35 11 1 8 0 0 0 1 1 0 0 0 
0 35 11 1 8 0 0 0 2 1 0 0 0 
0 35 11 1 8 0 0 0 3 1 0 0 0 
0 35 11 1 8 0 0 0 4 1 0 0 0 
0 35 11 1 8 0 0 0 5 1 0 0 0 
0 35 11 1 8 0 0 0 6 1 0 0 0 
0 35 11 1 8 0 0 0 7 1 0 0 0 
0 35 11 1 8 0 0 0 8 1 0 0 0 
0 35 11 2 8 0 0 0 9 1 0 0 0 
0 35 11 2 8 0 0 0 10 1 0 0 0 
0 35 11 2 8 0 0 0 11 1 0 0 0 
0 35 11 2 8 0 0 0 12 1 0 0 0 
0 35 11 2 8 0 0 0 13 1 0 0 0 
0 35 11 2 8 0 0 0 14 1 0 0 0 
0 35 11 2 8 0 0 0 15 1 0 0 0 
0 35 11 2 8 0 0 0 16 1 0 0 0 
0 35 11 3 8 0 0 0 17 1 0 0 0 
0 35 11 3 8 0 0 0 18 1 0 0 0 
0 35 11 3 8 0 0 0 19 1 0 0 0 
0 35 11 3 8 0 0 0 20 1 0 0 0 
0 35 11 3 8 0 0 0 21 1 0 0 0 
0 35 11 3 8 0 0 0 22 1 0 0 0 
0 35 11 3 8 0 0 0 23 1 0 0 0 
0 35 11 3 8 0 0 0 24 1 0 0 0 
0 35 11 4 8 0 0 0 25 0 1 0 0 
0 35 11 4 8 0 0 0 26 0 1 0 0 
0 35 11 4 8 0 0 0 27 0 1 0 0 
0 35 11 4 8 0 0 0 28 1 0 0 0 
0 35 11 4 8 0 0 0 29 1 0 0 0 
0 35 11 4 8 0 0 0 30 1 0 0 0 
0 35 11 4 8 0 0 0 31 1 0 0 0 
0 35 11 4 8 0 0 0 32 0 1 0 0 
0 23 19 5 6 0 0 48 14 0 0 0 0 
0 23 19 5 6 0 0 48 14 1 0 0 0 
0 23 19 5 6 0 0 48 14 0 0 0 0 
0 23 19 5 6 0 0 48 14 1 0 0 0 
0 23 19 5 6 0 0 48 14 0 0 0 0 
0 23 19 5 6 0 0 48 14 1 0 0 0 
0 23 19 5 6 0 0 48 14 0 0 0 0 
0 23 19 5 6 0 0 48 14 1 0 0 0 
0 23 19 5 6 0 0 48 14 0 0 0 0 
0 23 19 5 6 0 0 48 14 1 0 0 0 
0 23 19 5 6 0 0 48 14 0 0 0 0 
0 23 19 5 6 0 0 48 14 1 0 0 0 
0 23 19 5 6 0 0 48 14 0 0 0 0 
0 23 19 5 6 0 0 48 14 1 0 0 0 
0 23 19 5 6 0 0 48 14 0 0 0 0 
0 23 19 5 6 0 0 48 14 1 0 0 0 
0 23 19 5 6 0 0 48 14 0 0 0 0 
0 23 19 5 6 0 0 48 14 1 0 0 0 
0 23 19 5 6 0 0 48 14 0 0 0 0 
0 23 19 5 6 0 0 48 14 0 0 0 0 
0 23 19 5 6 0 0 48 14 1 0 0 0 
0 35 11 2 8 0 0 0 9 1 0 0 0 
0 35 11 1 8 0 0 0 1 1 0 0 0 
0 35 11 1 8 0 0 0 2 1 0 0 0 
0 35 11 1 8 0 0 0 3 1 0 0 0 
0 35 11 1 8 0 0 0 4 1 0 0 0 
0 35 11 1 8 0 0 0 5 1 0 0 0 
0 35 11 1 8 0 0 0 6 1 0 0 0 
0 35 11 1 8 0 0 0 7 1 0 0 0 
0 35 11 1 8 0 0 0 8 1 0 0 0 
0 35 11 2 8 0 0 0 10 1 0 0 0 
0 35 11 2 8 0 0 0 11 1 0 0 0 
0 35 11 2 8 0 0 0 12 1 0 0 0 
0 35 11 2 8 0 0 0 13 1 0 0 0 
0 35 11 2 8 0 0 0 14 1 0 0 0 
0 35 11 2 8 0 0 0 15 1 0 0 0 
0 35 11 2 8 0 0 0 16 1 0 0 0 
0 35 11 3 8 0 0 0 17 1 0 0 0 
0 35 11 3 8 0 0 0 18 1 0 0 0 
0 35 11 3 8 0 0 0 19 1 0 0 0 
0 35 11 3 8 0 0 0 20 1 0 0 0 
0 35 11 3 8 0 0 0 21 1 0 0 0 
0 35 11 3 8 0 0 0 22 1 0 0 0 
0 35 11 3 8 0 0 0 23 1 0 0 0 
0 35 11 3 8 0 0 0 24 1 0 0 0 
0 35 11 4 8 0 0 0 25 0 1 0 0 
0 35 11 4 8 0 0 0 26 0 1 0 0 
0 35 11 4 8 0 0 0 27 0 1 0 0 
0 35 11 4 8 0 0 0 28 1 0 0 0 
0 35 11 4 8 0 0 0 29 1 0 0 0 
0 35 11 4 8 0 0 0 30 1 0 0 0 
0 35 11 4 8 0 0 0 31 1 0 0 0 
0 35 11 4 8 0 0 0 32 0 1 0 0 
0 23 19 5 6 0 0 48 14 0 0 0 0 
0 23 19 5 6 0 0 48 14 1 0 0 0 
0 23 19 5 6 0 0 48 14 0 0 0 0 
0 23 19 5 6 0 0 48 14 1 0 0 0 
0 23 19 5 6 0 0 48 14 0 0 0 0 
0 23 19 5 6 0 0 48 14 1 0 0 0 
0 23 19 5 6 0 0 48 14 0 0 0 0 
0 23 19 5 6 0 0 48 14 1 0 0 0 
0 23 19 5 6 0 0 48 14 0 0 0 0 
0 23 19 5 6 0 0 48 14 1 0 0 0 
0 23 19 5 6 0 0 48 14 0 0 0 0 
0 23 19 5 6 0 0 48 14 1 0 0 0 
0 23 19 5 6 0 0 48 14 0 0 0 0 
0 23 19 5 6 0 0 48 14 1 0 0 0 
0 23 19 5 6 0 0 48 14 0 0 0 0 
0 23 19 5 6 0 0 48 14 1 0 0 0 
0 23 19 5 6 0 0 48 14 0 0 0 0 
0 23 19 5 6 0 0 48 14 1 0 0 0 
0 23 19 5 6 0 0 48 14 0 0 0 0 
0 23 19 5 6 0 0 48 14 1 0 0 0 
0 23 19 5 6 0 0 48 14 0 0 0 0 
0 23 19 5 6 0 0 48 14 1 0 0 0 
0 23 19 5 6 0 0 48 14 0 0 0 0 
0 23 19 5 6 0 0 48 14 1 0 0 0 
0 23 19 5 6 0 0 48 14 0 0 0 0 
0 23 19 5 6 0 0 48 14 1 0 0 0 
0 23 19 5 6 0 0 48 14 0 0 0 0 
0 23 19 5 6 0 0 48 14 1 0 0 0 
0 23 19 5 6 0 0 48 14 0 0 0 0 
0 23 19 5 6 0 0 48 14 1 0 0 0 
0 23 19 5 6 0 0 48 14 0 0 0 0 
0 23 19 5 6 0 0 48 14 1 0 0 0 
0 0 0 0 0 0 0 0 0 0 0 0 0 
0 0 0 0 0 0 0 0 0 0 0 0 0 
23 19 5 6 0 0 48 14 0 0 0 0 0 
0 23 19 5 6 0 0 48 14 1 0 0 0 
0 23 19 5 6 0 0 48 14 0 0 0 0 
0 23 19 5 6 0 0 48 14 1 0 0 0 
0 23 19 5 6 0 0 48 14 0 0 0 0 
0 23 19 5 6 0 0 48 14 1 0 0 0 
0 23 19 5 6 0 0 48 14 0 0 0 0 
0 23 19 5 6 0 0 48 14 1 0 0 0 
0 23 19 5 6 0 0 48 14 0 0 0 0 
0 23 19 5 6 0 0 48 14 1 0 0 0 
0 23 19 5 6 0 0 0 0 0 0 0 0 
0 0 48 14 0 0 0 0 0 0 0 0 0 
0 23 19 5 6 0 0 48 14 1 0 0 0 
0 23 19 5 6 0 0 48 14 0 0 0 0 
0 23 19 5 6 0 0 48 14 1 0 0 0 
0 23 19 5 6 0 0 48 14 0 0 0 0 
0 23 19 5 6 0 0 48 14 1 0 0 0 
0 23 19 5 6 0 0 48 14 0 0 0 0 
0 23 19 5 6 0 0 48 14 1 0 0 0 
0 23 19 5 6 0 0 48 14 0 0 0 0 
0 23 19 5 6 0 0 48 14 1 0 0 0 
0 23 19 5 6 0 0 48 14 0 0 0 0 
0 0 0 0 0 0 0 0 0 0 0 0 0 
0 23 19 5 6 0 0 48 14 1 0 0 0 
0 23 19 5 6 0 0 48 14 0 0 0 0 
0 23 19 5 6 0 0 48 14 1 0 0 0 
0 23 19 5 6 0 0 48 14 0 0 0 0 
0 23 19 5 6 0 0 48 14 1 0 0 0 
0 23 19 5 6 0 0 48 14 0 0 0 0 
0 23 19 5 6 0 0 48 14 1 0 0 0 
0 23 19 5 6 0 0 48 14 0 0 0 0 
0 23 19 5 6 0 0 48 14 1 0 0 0 
0 23 19 5 6 0 0 48 14 0 0 0 0 
0 23 19 5 6 0 0 48 14 1 0 0 0 
0 23 19 5 6 0 0 48 14 0 0 0 0 
0 23 19 5 6 0 0 48 14 1 0 0 0 
0 23 19 5 6 0 0 48 14 0 0 0 0 
0 23 19 5 6 0 0 48 14 1 0 0 0 
0 23 19 5 6 0 0 48 14 0 0 0 0 
0 23 19 5 6 0 0 48 14 1 0 0 0 
0 23 19 5 6 0 0 48 14 0 0 0 0 
0 35 11 1 8 0 0 0 1 1 0 0 0 
0 35 11 1 8 0 0 0 2 1 0 0 0 
0 35 11 1 8 0 0 0 3 1 0 0 0 
0 35 11 1 8 0 0 0 4 1 0 0 0 
0 35 11 1 8 0 0 0 5 1 0 0 0 
0 35 11 1 8 0 0 0 6 1 0 0 0 
0 35 11 1 8 0 0 0 7 1 0 0 0 
0 35 11 1 8 0 0 0 8 1 0 0 0 
0 35 11 2 8 0 0 0 9 1 0 0 0 
0 35 11 2 8 0 0 0 10 1 0 0 0 
0 35 11 2 8 0 0 0 11 1 0 0 0 
0 35 11 2 8 0 0 0 12 1 0 0 0 
0 35 11 2 8 0 0 0 13 1 0 0 0 
0 35 11 2 8 0 0 0 14 1 0 0 0 
0 35 11 2 8 0 0 0 15 1 0 0 0 
0 35 11 2 8 0 0 0 16 1 0 0 0 
0 35 11 3 8 0 0 0 17 1 0 0 0 
0 35 11 3 8 0 0 0 18 1 0 0 0 
0 35 11 3 8 0 0 0 19 1 0 0 0 
0 35 11 3 8 0 0 0 20 1 0 0 0 
0 35 11 3 8 0 0 0 21 1 0 0 0 
0 35 11 3 8 0 0 0 22 1 0 0 0 
0 35 11 3 8 0 0 0 23 1 0 0 0 
0 35 11 3 8 0 0 0 24 1 0 0 0 
0 35 11 4 8 0 0 0 25 0 1 0 0 
0 35 11 4 8 0 0 0 26 0 1 0 0 
0 35 11 4 8 0 0 0 27 0 1 0 0 
0 35 11 4 8 0 0 0 28 1 0 0 0 
0 35 11 4 8 0 0 0 29 1 0 0 0 
0 35 11 4 8 0 0 0 30 1 0 0 0 
0 35 11 4 8 0 0 0 31 1 0 0 0 
0 35 11 4 8 0 0 0 32 0 1 0 0 
0 23 19 5 6 0 0 48 14 1 0 0 0 
0 23 19 5 6 0 0 48 14 0 0 0 0 
0 23 19 5 6 0 0 48 14 1 0 0 0 
0 23 19 5 6 0 0 48 14 1 0 0 0 
0 23 19 5 6 0 0 48 14 0 0 0 0 
0 35 11 3 8 0 0 0 17 1 0 0 0 
0 35 11 1 8 0 0 0 1 1 0 0 0 
0 35 11 1 8 0 0 0 2 1 0 0 0 
0 35 11 1 8 0 0 0 3 1 0 0 0 
0 35 11 1 8 0 0 0 4 1 0 0 0 
0 35 11 1 8 0 0 0 5 1 0 0 0 
0 35 11 1 8 0 0 0 6 1 0 0 0 
0 35 11 1 8 0 0 0 7 1 0 0 0 
0 35 11 1 8 0 0 0 8 1 0 0 0 
0 35 11 2 8 0 0 0 9 1 0 0 0 
0 35 11 2 8 0 0 0 10 1 0 0 0 
0 35 11 2 8 0 0 0 11 1 0 0 0 
0 35 11 2 8 0 0 0 12 1 0 0 0 
0 35 11 2 8 0 0 0 13 1 0 0 0 
0 35 11 2 8 0 0 0 14 1 0 0 0 
0 35 11 2 8 0 0 0 15 1 0 0 0 
0 35 11 2 8 0 0 0 16 1 0 0 0 
0 35 11 3 8 0 0 0 18 1 0 0 0 
0 35 11 3 8 0 0 0 19 1 0 0 0 
0 35 11 3 8 0 0 0 20 1 0 0 0 
0 35 11 3 8 0 0 0 21 1 0 0 0 
0 35 11 3 8 0 0 0 22 1 0 0 0 
0 35 11 3 8 0 0 0 23 1 0 0 0 
0 35 11 3 8 0 0 0 24 1 0 0 0 
0 35 11 4 8 0 0 0 25 0 1 0 0 
0 35 11 4 8 0 0 0 26 0 1 0 0 
0 35 11 4 8 0 0 0 27 0 1 0 0 
0 35 11 4 8 0 0 0 28 1 0 0 0 
0 35 11 4 8 0 0 0 29 1 0 0 0 
0 35 11 4 8 0 0 0 30 1 0 0 0 
0 35 11 4 8 0 0 0 31 1 0 0 0 
0 35 11 4 8 0 0 0 32 0 1 0 0 
0 23 19 5 6 0 0 48 14 1 0 0 0 
0 23 19 5 6 0 0 48 14 0 0 0 0 
0 23 19 5 6 0 0 48 14 1 0 0 0 
0 23 19 5 6 0 0 48 14 0 0 0 0 
0 23 19 5 6 0 0 48 14 1 0 0 0 
0 23 19 5 6 0 0 48 14 0 0 0 0 
0 23 19 5 6 0 0 48 14 1 0 0 0 
0 23 19 5 6 0 0 48 14 0 0 0 0 
0 23 19 5 6 0 0 48 14 1 0 0 0 
0 23 19 5 6 0 0 48 14 0 0 0 0 
0 23 19 5 6 0 0 48 14 1 0 0 0 
0 23 19 5 6 0 0 48 14 0 0 0 0 
0 23 19 5 6 0 0 48 14 1 0 0 0 
0 23 19 5 6 0 0 48 14 0 0 0 0 
0 23 19 5 6 0 0 48 14 1 0 0 0 
0 23 19 5 6 0 0 48 14 0 0 0 0 
0 23 19 5 6 0 0 48 14 1 0 0 0 
0 23 19 5 6 0 0 48 14 0 0 0 0 
0 0 0 0 0 0 0 0 0 0 0 0 0 
23 19 5 6 0 0 48 14 1 0 0 0 0 
0 23 19 5 6 0 0 48 14 0 0 0 0 
0 23 19 5 6 0 0 48 14 1 0 0 0 
0 23 19 5 6 0 0 48 14 0 0 0 0 
0 23 19 5 6 0 0 48 14 1 0 0 0 
0 23 19 5 6 0 0 48 14 0 0 0 0 
0 23 19 5 6 0 0 48 14 1 0 0 0 
0 23 19 5 6 0 0 48 14 0 0 0 0 
0 23 19 5 6 0 0 48 14 1 0 0 0 
0 23 19 5 6 0 0 48 14 0 0 0 0 
0 23 19 5 6 0 0 48 14 1 0 0 0 
0 0 0 0 0 0 0 0 0 0 0 0 0 
0 0 0 0 0 0 0 0 0 0 0 0 0 
23 19 5 6 0 0 48 14 0 0 0 0 0 
0 23 19 5 6 0 0 48 14 1 0 0 0 
0 23 19 5 6 0 0 48 14 0 0 0 0 
0 23 19 5 6 0 0 48 14 1 0 0 0 
0 23 19 5 6 0 0 48 14 0 0 0 0 
0 23 19 5 6 0 0 48 14 1 0 0 0 
0 23 19 5 6 0 0 48 14 0 0 0 0 
0 23 19 5 6 0 0 48 14 1 0 0 0 
0 23 19 5 6 0 0 48 14 0 0 0 0 
0 23 19 5 6 0 0 48 14 1 0 0 0 
0 23 19 5 6 0 0 48 14 0 0 0 0 
0 23 19 5 6 0 0 48 14 1 0 0 0 
0 23 19 5 6 0 0 48 14 0 0 0 0 
0 23 19 5 6 0 0 48 14 1 0 0 0 
0 23 19 5 6 0 0 48 14 0 0 0 0 
0 23 19 5 6 0 0 48 14 1 0 0 0 
0 23 19 5 6 0 0 48 14 0 0 0 0 
0 23 19 5 6 0 0 48 14 1 0 0 0 
0 23 19 5 6 0 0 48 14 0 0 0 0 
0 23 19 5 6 0 0 48 14 1 0 0 0 
0 23 19 5 6 0 0 48 14 0 0 0 0 
0 35 11 3 8 0 0 0 17 1 0 0 0 
0 35 11 1 8 0 0 0 1 1 0 0 0 
0 35 11 1 8 0 0 0 2 1 0 0 0 
0 35 11 1 8 0 0 0 3 1 0 0 0 
0 35 11 1 8 0 0 0 4 1 0 0 0 
0 35 11 1 8 0 0 0 5 1 0 0 0 
0 35 11 1 8 0 0 0 6 1 0 0 0 
0 35 11 1 8 0 0 0 7 1 0 0 0 
0 35 11 1 8 0 0 0 8 1 0 0 0 
0 35 11 2 8 0 0 0 9 1 0 0 0 
0 35 11 2 8 0 0 0 10 1 0 0 0 
0 35 11 2 8 0 0 0 11 1 0 0 0 
0 35 11 2 8 0 0 0 12 1 0 0 0 
0 35 11 2 8 0 0 0 13 1 0 0 0 
0 35 11 2 8 0 0 0 14 1 0 0 0 
0 35 11 2 8 0 0 0 15 1 0 0 0 
0 35 11 2 8 0 0 0 16 1 0 0 0 
0 35 11 3 8 0 0 0 18 1 0 0 0 
0 35 11 3 8 0 0 0 19 1 0 0 0 
0 35 11 3 8 0 0 0 20 1 0 0 0 
0 35 11 3 8 0 0 0 21 1 0 0 0 
0 35 11 3 8 0 0 0 22 1 0 0 0 
0 35 11 3 8 0 0 0 23 1 0 0 0 
0 35 11 3 8 0 0 0 24 1 0 0 0 
0 35 11 4 8 0 0 0 25 0 1 0 0 
0 35 11 4 8 0 0 0 26 0 1 0 0 
0 35 11 4 8 0 0 0 27 0 1 0 0 
0 35 11 4 8 0 0 0 28 1 0 0 0 
0 35 11 4 8 0 0 0 29 1 0 0 0 
0 35 11 4 8 0 0 0 30 1 0 0 0 
0 35 11 4 8 0 0 0 31 1 0 0 0 
0 35 11 4 8 0 0 0 32 0 1 0 0 
0 23 19 5 6 0 0 48 14 1 0 0 0 
0 23 19 5 6 0 0 48 14 0 0 0 0 
0 23 19 5 6 0 0 48 14 1 0 0 0 
0 23 19 5 6 0 0 48 14 0 0 0 0 
0 23 19 5 6 0 0 48 14 1 0 0 0 
0 23 19 5 6 0 0 48 14 0 0 0 0 
0 23 19 5 6 0 0 48 14 1 0 0 0 
0 23 19 5 6 0 0 48 14 0 0 0 0 
0 23 19 5 6 0 0 48 14 1 0 0 0 
0 23 19 5 6 0 0 48 14 0 0 0 0 
0 23 19 5 6 0 0 48 14 1 0 0 0 
0 23 19 5 6 0 0 48 14 0 0 0 0 
0 23 19 5 6 0 0 48 14 1 0 0 0 
0 23 19 5 6 0 0 48 14 0 0 0 0 
0 23 19 5 6 0 0 48 14 1 0 0 0 
0 23 19 5 0 0 0 0 0 0 0 0 0 
6 0 0 48 14 0 0 0 0 0 0 0 0 
0 23 19 5 6 0 0 48 14 1 0 0 0 
0 23 19 5 6 0 0 48 14 0 0 0 0 
0 23 19 5 6 0 0 48 14 1 0 0 0 
0 23 19 5 6 0 0 48 14 0 0 0 0 
0 23 19 5 6 0 0 48 14 1 0 0 0 
0 23 19 5 6 0 0 48 14 0 0 0 0 
0 23 19 5 6 0 0 48 14 1 0 0 0 
0 23 19 5 6 0 0 48 14 0 0 0 0 
0 35 11 3 8 0 0 0 17 1 0 0 0 
0 35 11 1 8 0 0 0 1 1 0 0 0 
0 35 11 1 8 0 0 0 2 1 0 0 0 
0 35 11 1 8 0 0 0 3 1 0 0 0 
0 35 11 1 8 0 0 0 4 1 0 0 0 
0 35 11 1 8 0 0 0 5 1 0 0 0 
0 35 11 1 8 0 0 0 6 1 0 0 0 
0 35 11 1 8 0 0 0 7 1 0 0 0 
0 35 11 1 8 0 0 0 8 1 0 0 0 
0 35 11 2 8 0 0 0 9 1 0 0 0 
0 35 11 2 8 0 0 0 10 1 0 0 0 
0 35 11 2 8 0 0 0 11 1 0 0 0 
0 35 11 2 8 0 0 0 12 1 0 0 0 
0 35 11 2 8 0 0 0 13 1 0 0 0 
0 35 11 2 8 0 0 0 14 1 0 0 0 
0 35 11 2 8 0 0 0 15 1 0 0 0 
0 35 11 2 8 0 0 0 16 1 0 0 0 
0 35 11 3 8 0 0 0 18 1 0 0 0 
0 35 11 3 8 0 0 0 19 1 0 0 0 
0 35 11 3 8 0 0 0 20 1 0 0 0 
0 35 11 3 8 0 0 0 21 1 0 0 0 
0 35 11 3 8 0 0 0 22 1 0 0 0 
0 35 11 3 8 0 0 0 23 1 0 0 0 
0 35 11 3 8 0 0 0 24 1 0 0 0 
0 35 11 4 8 0 0 0 25 0 1 0 0 
0 35 11 4 8 0 0 0 26 0 1 0 0 
0 35 11 4 8 0 0 0 27 0 1 0 0 
0 35 11 4 8 0 0 0 28 1 0 0 0 
0 35 11 4 8 0 0 0 29 1 0 0 0 
0 35 11 4 8 0 0 0 30 1 0 0 0 
0 35 11 4 8 0 0 0 31 1 0 0 0 
0 35 11 4 8 0 0 0 32 0 1 0 0 
0 23 19 5 6 0 0 48 14 1 0 0 0 
0 23 19 5 6 0 0 48 14 0 0 0 0 
0 23 19 5 6 0 0 48 14 1 0 0 0 
0 23 19 5 6 0 0 48 14 0 0 0 0 
0 23 19 5 6 0 0 48 14 1 0 0 0 
0 23 19 5 6 0 0 48 14 1 0 0 0 
0 23 19 5 6 0 0 48 14 0 0 0 0 
0 23 19 5 6 0 0 48 14 1 0 0 0 
0 23 19 5 6 0 0 48 14 0 0 0 0 
0 23 19 5 6 0 0 48 14 1 0 0 0 
0 23 19 5 6 0 0 48 14 0 0 0 0 
0 23 19 5 6 0 0 48 14 1 0 0 0 
0 23 19 5 6 0 0 48 14 0 0 0 0 
0 23 19 5 6 0 0 48 14 1 0 0 0 
0 23 19 5 6 0 0 48 14 0 0 0 0 
0 23 19 5 6 0 0 48 14 1 0 0 0 
0 23 19 5 6 0 0 48 14 1 0 0 0 
0 23 19 5 6 0 0 48 14 0 0 0 0 
0 23 19 5 6 0 0 48 14 1 0 0 0 
0 23 19 5 6 0 0 48 14 0 0 0 0 
0 23 19 5 6 0 0 48 14 1 0 0 0 
0 23 19 5 6 0 0 48 14 0 0 0 0 
0 23 19 5 6 0 0 48 14 1 0 0 0 
0 23 19 5 6 0 0 48 14 0 0 0 0 
0 23 19 5 6 0 0 48 14 1 0 0 0 
0 23 19 5 6 0 0 48 14 0 0 0 0 
0 23 19 5 6 0 0 48 14 1 0 0 0 
0 23 19 5 6 0 0 48 14 0 0 0 0 
0 0 0 0 0 0 0 0 0 0 0 0 0 
0 23 19 5 6 0 0 48 14 1 0 0 0 
0 23 19 5 6 0 0 48 14 0 0 0 0 
0 23 19 5 6 0 0 48 14 1 0 0 0 
0 23 19 5 6 0 0 48 14 0 0 0 0 
0 23 19 5 6 0 0 48 14 1 0 0 0 
0 35 11 1 8 0 0 0 1 1 0 0 0 
0 35 11 1 8 0 0 0 2 1 0 0 0 
0 35 11 1 8 0 0 0 3 1 0 0 0 
0 35 11 1 8 0 0 0 4 1 0 0 0 
0 35 11 1 8 0 0 0 5 1 0 0 0 
0 35 11 1 8 0 0 0 6 1 0 0 0 
0 35 11 1 8 0 0 0 7 1 0 0 0 
0 35 11 1 8 0 0 0 8 1 0 0 0 
0 23 19 5 6 0 0 48 14 0 0 0 0 
0 23 19 5 6 0 0 48 14 1 0 0 0 
0 23 19 5 6 0 0 48 14 0 0 0 0 
0 23 19 5 6 0 0 48 14 1 0 0 0 
0 23 19 5 6 0 0 48 14 0 0 0 0 
0 0 0 0 0 0 0 0 0 0 0 0 0 
0 23 19 0 0 0 0 0 0 0 0 0 0 
5 6 0 0 48 14 1 0 0 0 0 0 0 
0 23 19 5 6 0 0 48 14 0 0 0 0 
0 23 19 5 6 0 0 48 14 1 0 0 0 
0 23 19 5 6 0 0 48 14 0 0 0 0 
0 23 19 5 6 0 0 48 14 1 0 0 0 
0 23 19 5 6 0 0 48 14 0 0 0 0 
0 23 19 5 6 0 0 48 14 1 0 0 0 
0 23 19 5 6 0 0 48 14 0 0 0 0 
0 23 19 5 6 0 0 48 14 1 0 0 0 
0 23 19 5 6 0 0 48 14 0 0 0 0 
0 23 19 5 6 0 0 48 14 1 0 0 0 
0 23 19 5 6 0 0 48 14 0 0 0 0 
0 23 19 5 6 0 0 48 14 1 0 0 0 
0 23 19 5 6 0 0 48 14 0 0 0 0 
0 23 19 5 6 0 0 48 14 1 0 0 0 
0 23 19 5 6 0 0 48 14 0 0 0 0 
0 23 19 5 6 0 0 48 14 1 0 0 0 
0 23 19 5 6 0 0 48 14 0 0 0 0 
0 23 19 5 6 0 0 48 14 1 0 0 0 
0 23 19 5 6 0 0 48 14 0 0 0 0 
0 23 19 5 6 0 0 48 14 1 0 0 0 
0 0 0 0 0 0 0 0 0 0 0 0 0 
0 23 19 5 6 0 0 48 14 0 0 0 0 
0 23 19 5 6 0 0 48 14 1 0 0 0 
0 23 19 5 6 0 0 48 14 0 0 0 0 
0 23 19 5 6 0 0 48 14 1 0 0 0 
0 23 19 5 6 0 0 48 14 0 0 0 0 
0 23 19 5 6 0 0 48 14 1 0 0 0 
0 23 19 5 6 0 0 48 14 0 0 0 0 
0 35 11 1 8 0 0 0 1 1 0 0 0 
0 35 11 1 8 0 0 0 2 1 0 0 0 
0 35 11 1 8 0 0 0 3 1 0 0 0 
0 23 19 5 6 0 0 48 14 1 0 0 0 
0 35 11 1 8 0 0 0 4 1 0 0 0 
0 35 11 1 8 0 0 0 5 1 0 0 0 
0 35 11 1 8 0 0 0 6 1 0 0 0 
0 35 11 1 8 0 0 0 0 0 0 0 0 
0 7 1 0 0 0 0 0 0 0 0 0 0 
0 35 11 1 8 0 0 0 8 1 0 0 0 
0 23 19 5 6 0 0 48 14 0 0 0 0 
0 23 19 5 6 0 0 48 14 1 0 0 0 
0 23 19 5 6 0 0 48 14 0 0 0 0 
0 23 19 5 6 0 0 48 14 1 0 0 0 
0 0 0 0 0 0 0 0 0 0 0 0 0 
0 23 19 5 6 0 0 48 14 0 0 0 0 
0 23 19 5 6 0 0 48 14 1 0 0 0 
0 23 19 5 6 0 0 48 14 0 0 0 0 
0 23 19 5 6 0 0 48 14 1 0 0 0 
0 23 19 5 6 0 0 48 14 0 0 0 0 
0 23 19 5 6 0 0 48 14 1 0 0 0 
0 23 19 5 6 0 0 48 14 0 0 0 0 
0 35 11 1 8 0 0 0 1 1 0 0 0 
0 35 11 1 8 0 0 0 2 1 0 0 0 
0 35 11 1 8 0 0 0 3 1 0 0 0 
0 35 11 1 8 0 0 0 4 1 0 0 0 
0 0 11 1 8 0 0 0 4 1 0 0 0 
0 35 11 1 8 0 0 0 5 1 0 0 0 
0 35 11 1 8 0 0 0 6 1 0 0 0 
0 35 11 1 8 0 0 0 7 1 0 0 0 
0 0 0 0 0 0 0 0 0 0 0 0 0 
35 11 1 8 0 0 0 8 1 0 0 0 0 
0 23 19 5 6 0 0 48 14 1 0 0 0 
0 23 19 5 6 0 0 48 14 0 0 0 0 
0 23 19 5 6 0 0 48 14 1 0 0 0 
0 0 0 0 0 0 0 0 0 0 0 0 0 
0 23 19 5 6 0 0 48 14 0 0 0 0 
0 23 19 5 6 0 0 48 14 1 0 0 0 
0 23 19 5 6 0 0 48 14 0 0 0 0 
0 23 19 5 6 0 0 48 14 1 0 0 0 
0 23 19 5 6 0 0 48 14 0 0 0 0 
0 23 19 5 6 0 0 48 14 1 0 0 0 
0 23 19 5 6 0 0 48 14 0 0 0 0 
0 23 19 5 6 0 0 48 14 1 0 0 0 
0 23 19 5 6 0 0 48 14 0 0 0 0 
0 23 19 5 6 0 0 48 14 1 0 0 0 
0 23 19 5 6 0 0 48 14 0 0 0 0 
0 23 19 5 6 0 0 48 14 1 0 0 0 
0 23 19 5 6 0 0 48 14 0 0 0 0 
0 23 19 5 6 0 0 48 14 1 0 0 0 
0 23 19 5 6 0 0 48 14 0 0 0 0 
0 23 19 5 6 0 0 48 14 1 0 0 0 
0 23 19 5 6 0 0 48 14 0 0 0 0 
0 23 19 5 6 0 0 48 14 1 0 0 0 
0 23 19 5 6 0 0 48 14 0 0 0 0 
0 23 19 5 6 0 0 48 14 1 0 0 0 
0 23 19 5 0 0 0 0 0 0 0 0 0 
6 0 0 48 14 0 0 0 0 0 0 0 0 
0 23 19 5 6 0 0 48 14 1 0 0 0 
0 23 19 5 6 0 0 48 14 0 0 0 0 
0 23 19 5 6 0 0 48 14 1 0 0 0 
0 23 19 5 6 0 0 48 14 0 0 0 0 
0 23 19 5 6 0 0 48 14 1 0 0 0 
0 23 19 5 6 0 0 48 14 0 0 0 0 
0 23 19 5 6 0 0 48 14 1 0 0 0 
0 23 19 5 6 0 0 48 14 0 0 0 0 
0 23 19 5 6 0 0 48 14 1 0 0 0 
0 23 19 5 6 0 0 48 14 0 0 0 0 
0 0 0 0 0 0 0 0 0 0 0 0 0 
0 23 19 5 6 0 0 48 14 1 0 0 0 
0 23 19 5 6 0 0 48 14 0 0 0 0 
0 23 19 5 6 0 0 48 14 1 0 0 0 
0 23 19 5 6 0 0 48 14 0 0 0 0 
0 23 19 5 6 0 0 48 14 1 0 0 0 
0 23 19 5 6 0 0 48 14 0 0 0 0 
0 23 19 5 6 0 0 48 14 1 0 0 0 
0 23 19 5 6 0 0 48 14 0 0 0 0 
0 23 19 5 6 0 0 48 14 1 0 0 0 
0 23 19 5 6 0 0 48 14 0 0 0 0 
0 23 19 5 6 0 0 48 14 1 0 0 0 
0 23 19 5 6 0 0 48 14 0 0 0 0 
0 23 19 5 6 0 0 48 14 1 0 0 0 
0 23 19 5 6 0 0 48 14 0 0 0 0 
0 23 19 5 6 0 0 48 14 1 0 0 0 
0 23 19 5 6 0 0 48 14 0 0 0 0 
0 23 19 5 6 0 0 48 14 1 0 0 0 
0 23 19 5 6 0 0 48 14 0 0 0 0 
0 23 19 5 6 0 0 48 14 1 0 0 0 
0 23 19 5 6 0 0 48 14 0 0 0 0 
0 23 19 0 0 0 0 0 0 0 0 0 0 
5 6 0 0 48 14 1 0 0 0 0 0 0 
0 23 19 5 6 0 0 48 14 0 0 0 0 
0 23 19 5 6 0 0 48 14 1 0 0 0 
0 23 19 5 6 0 0 48 14 0 0 0 0 
0 23 19 5 6 0 0 48 14 1 0 0 0 
0 23 19 5 6 0 0 48 14 0 0 0 0 
0 23 19 5 6 0 0 48 14 1 0 0 0 
0 23 19 5 6 0 0 48 14 0 0 0 0 
0 23 19 5 6 0 0 48 14 1 0 0 0 
0 23 19 5 6 0 0 48 14 0 0 0 0 
0 0 0 0 0 0 0 0 0 0 0 0 0 
0 23 19 5 6 0 0 48 14 1 0 0 0 
0 23 19 5 6 0 0 48 14 0 0 0 0 
0 23 19 5 6 0 0 48 14 1 0 0 0 
0 23 19 5 6 0 0 48 14 0 0 0 0 
0 23 19 5 6 0 0 48 14 1 0 0 0 
0 23 19 5 6 0 0 48 14 0 0 0 0 
0 23 19 5 6 0 0 48 14 1 0 0 0 
0 23 19 5 6 0 0 48 14 0 0 0 0 
0 23 19 5 6 0 0 48 14 1 0 0 0 
0 23 19 5 6 0 0 48 14 0 0 0 0 
0 23 19 5 6 0 0 48 14 1 0 0 0 
0 23 19 5 6 0 0 48 14 1 0 0 0 
0 23 19 5 6 0 0 48 14 0 0 0 0 
0 23 19 5 6 0 0 48 14 1 0 0 0 
0 23 19 5 6 0 0 48 14 0 0 0 0 
0 23 19 5 6 0 0 48 14 1 0 0 0 
0 35 11 1 8 0 0 0 1 1 0 0 0 
0 35 11 1 8 0 0 0 2 1 0 0 0 
0 35 11 1 8 0 0 0 3 1 0 0 0 
0 35 11 1 8 0 0 0 4 1 0 0 0 
0 35 11 1 8 0 0 0 0 0 0 0 0 
0 5 1 0 0 0 0 0 0 0 0 0 0 
0 23 19 5 6 0 0 48 14 0 0 0 0 
0 35 11 1 8 0 0 0 6 1 0 0 0 
0 35 0 0 0 0 0 0 0 0 0 0 0 
11 1 8 0 0 0 7 1 0 0 0 0 0 
0 35 11 1 8 0 0 0 8 1 0 0 0 
0 23 19 5 6 0 0 48 14 1 0 0 0 
0 23 19 5 6 0 0 48 14 0 0 0 0 
0 23 19 5 6 0 0 48 14 1 0 0 0 
0 23 19 5 6 0 0 48 14 0 0 0 0 
0 23 19 5 6 0 0 48 14 1 0 0 0 
0 23 19 5 6 0 0 48 14 0 0 0 0 
0 23 19 5 6 0 0 48 14 1 0 0 0 
0 23 19 5 6 0 0 48 14 0 0 0 0 
0 23 19 5 6 0 0 48 14 1 0 0 0 
0 23 19 5 6 0 0 48 14 0 0 0 0 
0 23 19 5 6 0 0 48 14 1 0 0 0 
0 23 19 5 6 0 0 48 14 0 0 0 0 
0 23 19 5 6 0 0 48 14 1 0 0 0 
0 23 19 5 6 0 0 48 14 0 0 0 0 
0 23 19 5 6 0 0 48 14 1 0 0 0 
0 23 19 5 6 0 0 48 14 0 0 0 0 
0 23 19 5 6 0 0 48 14 1 0 0 0 
0 23 19 5 6 0 0 48 14 0 0 0 0 
0 23 19 5 6 0 0 48 14 1 0 0 0 
0 23 19 5 6 0 0 48 14 0 0 0 0 
0 23 19 5 6 0 0 48 14 1 0 0 0 
0 23 19 5 6 0 0 48 14 0 0 0 0 
0 23 19 5 6 0 0 48 14 1 0 0 0 
0 23 19 5 6 0 0 48 14 0 0 0 0 
0 23 19 5 6 0 0 48 14 1 0 0 0 
0 23 19 5 6 0 0 48 14 0 0 0 0 
0 23 19 5 6 0 0 48 14 1 0 0 0 
0 0 0 0 0 0 0 0 0 0 0 0 0 
0 0 0 0 0 0 0 0 0 0 0 0 0 
23 19 5 6 0 0 48 14 0 0 0 0 0 
0 23 19 5 6 0 0 48 14 1 0 0 0 
0 23 19 5 6 0 0 48 14 0 0 0 0 
0 23 19 5 6 0 0 48 14 1 0 0 0 
0 23 19 5 6 0 0 48 14 0 0 0 0 
0 23 19 5 6 0 0 48 14 1 0 0 0 
0 23 19 5 6 0 0 48 14 0 0 0 0 
0 23 19 5 6 0 0 48 14 1 0 0 0 
0 23 19 5 6 0 0 48 14 0 0 0 0 
0 23 19 5 6 0 0 48 14 1 0 0 0 
0 23 19 5 6 0 0 48 14 0 0 0 0 
0 23 19 5 6 0 0 48 14 1 0 0 0 
0 23 19 5 6 0 0 48 14 0 0 0 0 
0 23 19 5 6 0 0 48 14 1 0 0 0 
0 35 11 1 8 0 0 0 1 1 0 0 0 
0 35 11 1 8 0 0 0 2 1 0 0 0 
0 35 11 1 8 0 0 0 3 1 0 0 0 
0 23 19 5 6 0 0 48 14 0 0 0 0 
0 0 0 0 0 0 0 0 0 0 0 0 0 
35 11 1 8 0 0 0 4 1 0 0 0 0 
0 35 11 1 8 0 0 0 5 1 0 0 0 
0 35 11 1 8 0 0 0 6 1 0 0 0 
0 35 11 1 8 0 0 0 7 1 0 0 0 
0 35 11 1 8 0 0 0 8 1 0 0 0 
0 23 19 5 6 0 0 48 14 1 0 0 0 
0 35 11 1 8 0 0 0 1 1 0 0 0 
0 23 19 5 6 0 0 48 14 0 0 0 0 
0 35 11 0 0 0 0 0 0 0 0 0 0 
1 8 0 0 0 2 1 0 0 0 0 0 0 
0 35 11 1 8 0 0 0 3 1 0 0 0 
0 35 11 1 8 0 0 0 4 1 0 0 0 
0 35 11 1 8 0 0 0 5 1 0 0 0 
0 35 11 1 8 0 0 0 6 1 0 0 0 
0 35 11 1 8 0 0 0 7 1 0 0 0 
0 35 11 1 8 0 0 0 8 1 0 0 0 
0 23 19 5 6 0 0 48 14 1 0 0 0 
0 35 11 1 8 0 0 0 0 0 0 0 0 
0 1 1 0 0 0 0 0 0 0 0 0 0 
0 35 11 1 8 0 0 0 2 1 0 0 0 
0 23 19 5 6 0 0 48 14 0 0 0 0 
0 35 11 0 0 0 0 0 0 0 0 0 0 
1 8 0 0 0 3 1 0 0 0 0 0 0 
0 35 11 1 8 0 0 0 4 1 0 0 0 
0 35 0 0 0 0 0 0 0 0 0 0 0 
11 1 8 0 0 0 5 1 0 0 0 0 0 
0 35 11 1 8 0 0 0 6 1 0 0 0 
0 0 0 0 0 0 0 0 0 0 0 0 0 
35 11 1 8 0 0 0 7 1 0 0 0 0 
0 35 11 1 8 0 0 0 8 1 0 0 0 
0 23 19 5 6 0 0 48 14 1 0 0 0 
0 23 19 5 6 0 0 48 14 0 0 0 0 
0 35 11 1 8 0 0 0 1 1 0 0 0 
0 35 11 1 8 0 0 0 2 1 0 0 0 
0 35 11 1 8 0 0 0 3 1 0 0 0 
0 35 11 1 8 0 0 0 4 1 0 0 0 
0 35 11 1 8 0 0 0 5 1 0 0 0 
0 35 11 1 8 0 0 0 6 1 0 0 0 
0 35 11 1 8 0 0 0 0 0 0 0 0 
7 1 0 0 0 0 0 0 0 0 0 0 0 
0 35 11 1 8 0 0 0 8 1 0 0 0 
0 23 19 5 6 0 0 48 14 1 0 0 0 
0 23 19 5 6 0 0 48 14 0 0 0 0 
0 23 19 5 6 0 0 48 14 1 0 0 0 
0 23 19 5 6 0 0 48 14 0 0 0 0 
0 23 19 5 6 0 0 48 14 1 0 0 0 
0 23 19 5 6 0 0 48 14 0 0 0 0 
0 23 19 5 6 0 0 48 14 1 0 0 0 
0 23 19 5 6 0 0 48 14 0 0 0 0 
0 23 19 5 6 0 0 48 14 1 0 0 0 
0 23 19 5 6 0 0 48 14 0 0 0 0 
0 23 19 5 6 0 0 48 14 1 0 0 0 
0 23 19 5 6 0 0 48 14 0 0 0 0 
0 0 0 0 0 0 0 0 0 0 0 0 0 
0 23 19 5 6 0 0 48 14 1 0 0 0 
0 23 19 5 6 0 0 48 14 0 0 0 0 
0 23 19 5 6 0 0 48 14 1 0 0 0 
0 23 19 5 6 0 0 48 14 0 0 0 0 
0 23 19 5 6 0 0 48 14 1 0 0 0 
0 23 19 5 6 0 0 48 14 0 0 0 0 
0 23 19 5 6 0 0 48 14 1 0 0 0 
0 23 19 5 6 0 0 48 14 0 0 0 0 
0 23 19 5 6 0 0 48 14 1 0 0 0 
0 23 19 5 6 0 0 48 14 0 0 0 0 
0 23 19 5 6 0 0 48 14 1 0 0 0 
0 23 19 5 6 0 0 48 14 0 0 0 0 
0 23 19 5 6 0 0 48 14 1 0 0 0 
0 23 19 5 6 0 0 48 14 0 0 0 0 
0 23 19 5 6 0 0 48 14 1 0 0 0 
0 23 19 5 6 0 0 48 14 0 0 0 0 
0 23 19 5 6 0 0 48 14 1 0 0 0 
0 23 19 5 6 0 0 48 14 0 0 0 0 
0 23 19 5 6 0 0 48 14 1 0 0 0 
0 23 19 5 6 0 0 48 14 0 0 0 0 
0 0 0 0 0 0 0 0 0 0 0 0 0 
0 23 19 5 6 0 0 48 14 1 0 0 0 
0 23 19 5 6 0 0 48 14 0 0 0 0 
0 23 19 5 6 0 0 48 14 1 0 0 0 
0 23 19 5 6 0 0 48 14 0 0 0 0 
0 35 11 1 8 0 0 0 1 1 0 0 0 
0 35 11 1 8 0 0 0 2 1 0 0 0 
0 35 11 1 8 0 0 0 3 1 0 0 0 
0 35 11 1 8 0 0 0 4 1 0 0 0 
0 35 11 1 8 0 0 0 5 1 0 0 0 
0 35 11 1 8 0 0 0 6 1 0 0 0 
0 35 11 1 8 0 0 0 7 1 0 0 0 
0 35 11 1 8 0 0 0 8 1 0 0 0 
0 23 19 5 6 0 0 48 14 1 0 0 0 
0 23 19 5 6 0 0 48 14 0 0 0 0 
0 35 11 1 8 0 0 0 1 1 0 0 0 
0 35 11 1 8 0 0 0 2 1 0 0 0 
0 35 11 1 8 0 0 0 3 1 0 0 0 
0 35 11 1 8 0 0 0 4 1 0 0 0 
0 35 11 1 8 0 0 0 5 1 0 0 0 
0 35 11 1 8 0 0 0 6 1 0 0 0 
0 35 11 1 8 0 0 0 7 1 0 0 0 
0 35 11 1 8 0 0 0 8 1 0 0 0 
0 23 19 5 6 0 0 48 14 1 0 0 0 
0 23 19 5 6 0 0 48 14 0 0 0 0 
0 35 11 1 8 0 0 0 1 1 0 0 0 
0 35 11 1 8 0 0 0 2 1 0 0 0 
0 35 11 1 8 0 0 0 3 1 0 0 0 
0 35 11 1 8 0 0 0 4 1 0 0 0 
0 23 19 5 6 0 0 48 14 1 0 0 0 
0 35 11 1 8 0 0 0 5 1 0 0 0 
0 35 11 1 8 0 0 0 6 1 0 0 0 
0 35 11 1 8 0 0 0 7 1 0 0 0 
0 35 11 1 8 0 0 0 8 1 0 0 0 
0 23 19 5 6 0 0 48 14 0 0 0 0 
0 0 0 0 0 0 0 0 0 0 0 0 0 
0 23 19 5 6 0 0 48 14 1 0 0 0 
0 23 19 5 6 0 0 48 14 1 0 0 0 
0 23 19 5 6 0 0 48 14 0 0 0 0 
0 0 0 0 0 0 0 0 0 0 0 0 0 
0 23 19 5 6 0 0 48 14 1 0 0 0 
0 23 19 5 6 0 0 48 14 0 0 0 0 
2 9 7 31 6 0 0 0 24 0 0 0 0 
0 0 0 31 6 0 0 0 24 0 0 0 0 
2 9 7 31 6 0 0 0 24 0 0 0 0 
0 0 24 0 10 0 0 0 24 0 0 0 0 
2 9 7 31 6 0 0 0 24 0 30 0 0 
2 9 7 31 6 0 0 0 24 0 50 0 0 
2 9 7 31 6 0 0 0 24 0 60 0 0 
2 9 7 31 6 0 0 0 24 0 80 0 0 
2 9 7 31 6 0 0 0 24 0 90 0 0 
2 9 7 31 6 0 0 0 24 0 110 0 0 
2 9 7 31 6 0 0 0 24 0 120 0 0 
2 9 7 31 6 0 0 0 24 0 -126 0 0 
2 9 7 31 6 0 0 0 24 0 -106 0 0 
2 9 7 31 6 0 0 0 24 0 -96 0 0 
2 9 7 31 6 0 0 0 24 0 -86 0 0 
0 23 19 5 6 0 0 48 14 1 0 0 0 
2 9 7 31 6 0 0 0 24 0 -76 0 0 
2 9 7 31 6 0 0 0 24 0 -56 0 0 
2 9 7 31 6 0 0 0 24 0 -46 0 0 
2 9 7 31 6 0 0 0 24 0 -36 0 0 
2 9 7 31 6 0 0 0 24 0 -36 0 0 
7 31 6 0 0 0 24 0 -26 0 0 0 0 
2 9 7 31 6 0 0 0 24 0 -6 0 0 
2 9 7 31 6 0 0 0 24 1 4 0 0 
2 9 7 31 6 0 0 0 24 1 14 0 0 
2 9 7 31 6 0 0 0 24 1 24 0 0 
2 9 7 31 6 0 0 0 24 1 34 0 0 
0 35 11 4 8 0 0 0 26 1 0 0 0 
2 9 7 31 6 0 0 0 24 1 44 0 0 
2 9 7 31 6 0 0 0 24 1 54 0 0 
2 9 7 31 6 0 0 0 24 1 64 0 0 
2 9 7 31 6 0 0 0 24 1 74 0 0 
0 23 19 5 6 0 0 48 14 0 0 0 0 
2 9 0 0 0 0 0 0 0 0 0 0 0 
7 31 6 0 0 0 24 1 74 0 0 0 0 
0 23 19 5 6 0 0 48 14 1 0 0 0 
0 35 11 3 0 0 0 0 0 0 0 0 0 
8 0 0 0 22 0 1 0 0 0 0 0 0 
0 35 11 4 8 0 0 0 32 1 0 0 0 
0 23 19 5 6 0 0 48 14 0 0 0 0 
0 35 11 3 8 0 0 0 21 0 1 0 0 
0 23 19 5 6 0 0 48 14 1 0 0 0 
0 35 11 3 8 0 0 0 22 1 0 0 0 
0 23 19 5 6 0 0 48 14 0 0 0 0 
0 23 19 5 6 0 0 48 14 1 0 0 0 
0 35 11 2 8 0 0 0 16 0 1 0 0 
0 0 0 0 0 0 0 0 0 0 0 0 0 
0 23 19 5 6 0 0 48 14 0 0 0 0 
0 0 0 0 0 0 0 0 0 0 0 0 0 
0 35 11 3 8 0 0 0 21 1 0 0 0 
0 0 0 0 0 0 0 0 0 0 0 0 0 
0 35 11 1 8 0 0 0 8 0 1 0 0 
0 0 0 0 0 0 0 0 0 0 0 0 0 
0 0 0 0 0 0 0 0 0 0 0 0 0 
23 19 5 6 0 0 48 14 1 0 0 0 0 
2 0 0 0 0 0 0 0 0 0 0 0 0 
9 7 31 6 0 0 0 24 1 74 0 0 2 
9 7 31 6 0 0 0 24 1 54 0 0 2 
2 9 7 31 6 0 0 0 24 1 24 0 0 
2 9 7 31 6 0 0 0 24 0 -6 0 0 
2 9 7 31 6 0 0 0 24 0 -26 0 0 
2 9 7 31 6 0 0 0 24 0 -56 0 0 
2 9 7 31 6 0 0 0 24 0 -76 0 0 
2 9 7 31 6 0 0 0 24 0 -106 0 0 
2 9 7 31 6 0 0 0 24 0 120 0 0 
0 35 11 2 8 0 0 0 16 1 0 0 0 
2 9 7 31 6 0 0 0 24 0 110 0 0 
2 9 7 31 6 0 0 0 24 0 100 0 0 
2 9 7 31 6 0 0 0 24 0 80 0 0 
2 9 7 31 6 0 0 0 24 0 50 0 0 
2 9 7 31 6 0 0 0 24 0 20 0 0 
2 9 7 31 6 0 0 0 24 0 0 0 0 
2 9 7 31 6 0 0 0 24 0 0 0 0 
0 23 19 5 6 0 0 48 14 0 0 0 0 
0 23 19 5 6 0 0 48 14 1 0 0 0 
0 23 19 5 6 0 0 48 14 0 0 0 0 
0 23 19 5 6 0 0 48 14 1 0 0 0 
0 23 19 5 6 0 0 48 14 0 0 0 0 
0 23 19 5 6 0 0 48 14 1 0 0 0 
0 23 19 5 6 0 0 48 14 0 0 0 0 
0 23 19 5 6 0 0 48 14 1 0 0 0 
0 23 19 5 6 0 0 48 14 0 0 0 0 
0 23 19 5 6 0 0 48 14 1 0 0 0 
2 9 7 31 6 0 0 0 24 0 0 0 0 
2 9 7 31 6 0 0 0 24 0 20 0 0 
2 9 7 31 6 0 0 0 24 0 30 0 0 
2 9 7 31 6 0 0 0 24 0 50 0 0 
2 9 7 31 6 0 0 0 24 0 70 0 0 
2 9 7 31 6 0 0 0 24 0 90 0 0 
0 23 19 5 6 0 0 48 14 0 0 0 0 
2 9 7 31 6 0 0 0 24 0 100 0 0 
2 9 7 31 6 0 0 0 24 0 110 0 0 
2 9 7 31 6 0 0 0 24 0 -126 0 0 
2 9 7 31 6 0 0 0 24 0 -116 0 0 
2 9 7 31 6 0 0 0 0 0 0 0 0 
0 0 24 0 -106 0 0 0 0 0 0 0 0 
2 9 7 31 6 0 0 0 24 0 -96 0 0 
2 9 7 31 6 0 0 0 24 0 -76 0 0 
2 9 7 31 6 0 0 0 24 0 -66 0 0 
2 9 7 31 6 0 0 0 24 0 -56 0 0 
2 9 7 31 6 0 0 0 24 0 -46 0 0 
2 9 7 31 6 0 0 0 24 0 -36 0 0 
0 23 19 5 6 0 0 48 14 1 0 0 0 
0 35 11 1 8 0 0 0 5 0 1 0 0 
0 23 19 5 6 0 0 48 14 0 0 0 0 
2 9 0 0 0 0 0 0 0 0 0 0 0 
7 31 6 0 0 0 24 0 -56 0 0 0 0 
2 9 7 31 6 0 0 0 24 0 -76 0 0 
2 9 7 31 6 0 0 0 24 0 -96 0 0 
0 35 11 1 8 0 0 0 8 1 0 0 0 
2 9 7 31 6 0 0 0 24 0 -106 0 0 
2 9 7 31 6 0 0 0 24 0 0 0 0 
0 -126 0 0 6 0 0 0 24 0 0 0 0 
2 9 7 31 6 0 0 0 24 0 100 0 0 
0 23 19 5 6 0 0 48 14 1 0 0 0 
2 9 7 31 6 0 0 0 24 0 90 0 0 
2 9 7 31 6 0 0 0 24 0 60 0 0 
2 9 7 31 6 0 0 0 24 0 20 0 0 
2 9 7 31 6 0 0 0 24 0 0 0 0 
2 9 7 31 6 0 0 0 24 0 0 0 0 
0 23 19 5 6 0 0 48 14 0 0 0 0 
0 23 19 5 6 0 0 48 14 1 0 0 0 
0 23 19 5 6 0 0 48 14 0 0 0 0 
0 23 19 5 6 0 0 48 14 1 0 0 0 
0 23 19 5 6 0 0 48 14 0 0 0 0 
0 23 19 5 6 0 0 48 14 1 0 0 0 
0 23 19 5 6 0 0 48 14 0 0 0 0 
0 23 19 5 6 0 0 48 14 1 0 0 0 
0 23 19 5 6 0 0 48 14 0 0 0 0 
0 23 19 5 6 0 0 48 14 1 0 0 0 
0 23 19 5 6 0 0 48 14 0 0 0 0 
0 23 19 5 6 0 0 48 14 1 0 0 0 
0 23 19 5 6 0 0 48 14 0 0 0 0 
0 23 19 5 6 0 0 48 14 1 0 0 0 
0 23 19 5 6 0 0 48 14 0 0 0 0 
0 23 19 5 6 0 0 48 14 1 0 0 0 
0 23 19 5 6 0 0 48 14 0 0 0 0 
0 23 19 5 6 0 0 48 14 1 0 0 0 
0 23 19 5 6 0 0 48 14 0 0 0 0 
0 23 19 5 6 0 0 48 14 1 0 0 0 
0 23 19 5 6 0 0 48 14 0 0 0 0 
0 23 19 5 6 0 0 48 14 1 0 0 0 
0 23 19 5 6 0 0 48 14 0 0 0 0 
0 23 19 5 6 0 0 48 14 1 0 0 0 
0 23 19 5 6 0 0 48 14 0 0 0 0 
0 23 19 5 6 0 0 48 14 1 0 0 0 
0 23 19 5 6 0 0 48 14 0 0 0 0 
0 23 19 5 6 0 0 48 14 1 0 0 0 
0 23 19 5 6 0 0 48 14 0 0 0 0 
0 23 19 5 6 0 0 48 14 1 0 0 0 
0 23 19 5 6 0 0 48 14 0 0 0 0 
0 23 19 5 6 0 0 48 14 1 0 0 0 
0 23 19 5 6 0 0 48 14 0 0 0 0 
0 23 19 5 6 0 0 48 14 1 0 0 0 
0 23 19 5 6 0 0 48 14 0 0 0 0 
0 23 19 5 6 0 0 48 14 1 0 0 0 
0 23 19 5 6 0 0 48 14 0 0 0 0 
0 23 19 5 6 0 0 48 14 1 0 0 0 
0 23 19 5 6 0 0 48 14 0 0 0 0 
0 23 19 5 6 0 0 48 14 1 0 0 0 
0 23 19 5 6 0 0 48 14 0 0 0 0 
0 23 19 5 6 0 0 48 14 1 0 0 0 
0 23 19 5 6 0 0 48 14 0 0 0 0 
0 23 19 5 6 0 0 48 14 1 0 0 0 
0 23 19 5 6 0 0 48 14 0 0 0 0 
0 23 0 0 0 0 0 0 0 0 0 0 0 
19 5 6 0 0 48 14 1 0 0 0 0 0 
0 23 19 5 6 0 0 48 14 0 0 0 0 
2 9 7 31 6 0 0 0 24 0 0 0 0 
2 9 7 31 6 0 0 0 24 0 20 0 0 
2 9 7 31 6 0 0 0 24 0 30 0 0 
2 9 7 31 6 0 0 0 24 0 40 0 0 
2 9 7 31 6 0 0 0 24 0 70 0 0 
2 9 7 31 6 0 0 0 24 0 90 0 0 
2 9 7 31 6 0 0 0 24 0 100 0 0 
2 9 7 31 6 0 0 0 24 0 110 0 0 
0 23 19 5 6 0 0 48 14 1 0 0 0 
2 9 7 31 6 0 0 0 24 0 120 0 0 
2 9 7 31 6 0 0 0 24 0 -126 0 0 
2 9 7 31 6 0 0 0 24 0 -106 0 0 
2 9 7 31 6 0 0 0 24 0 -96 0 0 
2 9 7 31 6 0 0 0 24 0 -76 0 0 
0 23 19 5 6 0 0 48 14 0 0 0 0 
2 9 7 31 6 0 0 0 24 0 -56 0 0 
2 9 7 31 6 0 0 0 24 0 -46 0 0 
2 9 7 0 0 0 0 0 0 0 0 0 0 
31 6 0 0 0 24 0 -26 0 0 0 0 0 
0 35 11 1 8 0 0 0 5 1 0 0 0 
2 9 7 31 6 0 0 0 24 0 -6 0 0 
2 9 7 31 6 0 0 0 24 1 4 0 0 
0 35 11 2 8 0 0 0 14 0 1 0 0 
0 23 19 5 6 0 0 48 14 1 0 0 0 
2 9 7 31 6 0 0 0 24 0 -6 0 0 
2 9 7 31 6 0 0 0 24 0 -36 0 0 
2 9 7 31 6 0 0 0 24 0 -46 0 0 
2 9 7 31 6 0 0 0 24 0 -66 0 0 
2 9 7 31 6 0 0 0 24 0 -76 0 0 
0 0 7 31 6 0 0 0 24 0 -76 0 0 
2 9 7 31 6 0 0 0 24 0 -86 0 0 
2 9 7 31 6 0 0 0 24 0 -96 0 0 
2 9 7 0 0 0 0 0 0 0 0 0 0 
31 6 0 0 0 24 0 -106 0 0 0 0 0 
2 9 7 31 6 0 0 0 24 0 -116 0 0 
2 9 7 31 6 0 0 0 24 0 110 0 0 
2 9 7 31 6 0 0 0 24 0 90 0 0 
2 9 7 31 6 0 0 0 24 0 70 0 0 
2 9 7 31 6 0 0 0 24 0 60 0 0 
2 9 0 0 0 0 0 0 0 0 0 0 0 
7 31 6 0 0 0 24 0 40 0 0 0 0 
0 23 19 5 6 0 0 48 14 0 0 0 0 
2 9 7 31 6 0 0 0 24 0 30 0 0 
2 9 7 31 6 0 0 0 24 0 20 0 0 
2 9 7 31 6 0 0 0 24 0 10 0 0 
2 9 7 31 6 0 0 0 24 0 0 0 0 
0 35 11 2 8 0 0 0 11 0 1 0 0 
0 23 19 5 6 0 0 48 14 1 0 0 0 
2 9 7 31 6 0 0 0 24 0 0 0 0 
0 23 19 5 6 0 0 48 14 0 0 0 0 
0 23 19 5 6 0 0 48 14 1 0 0 0 
0 23 19 5 6 0 0 48 14 0 0 0 0 
0 23 19 5 6 0 0 48 14 1 0 0 0 
0 23 19 5 6 0 0 48 14 0 0 0 0 
0 23 19 5 6 0 0 48 14 1 0 0 0 
0 23 19 5 6 0 0 48 14 0 0 0 0 
0 23 19 5 6 0 0 48 14 1 0 0 0 
0 23 19 5 6 0 0 48 14 0 0 0 0 
0 23 19 5 6 0 0 48 14 1 0 0 0 
0 23 19 5 6 0 0 48 14 0 0 0 0 
0 23 19 5 6 0 0 48 14 1 0 0 0 
0 23 19 5 6 0 0 48 14 0 0 0 0 
2 9 7 31 6 0 0 0 24 0 0 0 0 
2 9 7 31 6 0 0 0 24 0 20 0 0 
2 9 7 31 6 0 0 0 24 0 30 0 0 
2 9 7 31 6 0 0 0 24 0 70 0 0 
2 9 7 31 6 0 0 0 24 0 80 0 0 
2 9 7 31 6 0 0 0 24 0 110 0 0 
2 9 7 31 6 0 0 0 24 0 -126 0 0 
2 9 7 31 6 0 0 0 24 0 -106 0 0 
2 9 7 31 6 0 0 0 24 0 -76 0 0 
2 9 7 31 6 0 0 0 24 0 -66 0 0 
2 9 7 31 6 0 0 0 24 0 -56 0 0 
2 9 7 31 6 0 0 0 24 0 -46 0 0 
2 9 7 31 6 0 0 0 24 0 -26 0 0 
2 9 7 31 6 0 0 0 24 0 -26 0 0 
0 23 19 5 6 0 0 48 14 1 0 0 0 
0 0 0 0 0 0 0 0 0 0 0 0 0 
0 23 19 5 6 0 0 48 14 0 0 0 0 
0 35 11 2 8 0 0 0 14 1 0 0 0 
0 23 19 5 6 0 0 48 14 1 0 0 0 
0 35 11 4 8 0 0 0 29 0 1 0 0 
0 23 19 5 6 0 0 48 14 0 0 0 0 
0 35 11 2 8 0 0 0 11 1 0 0 0 
0 23 19 5 6 0 0 48 14 1 0 0 0 
0 23 19 5 6 0 0 48 14 0 0 0 0 
0 35 11 4 8 0 0 0 29 1 0 0 0 
0 35 11 4 8 0 0 0 26 0 1 0 0 
0 23 19 5 6 0 0 48 14 1 0 0 0 
0 23 19 5 6 0 0 48 14 0 0 0 0 
0 23 19 5 6 0 0 48 14 1 0 0 0 
0 35 11 4 8 0 0 0 32 0 1 0 0 
0 23 19 5 6 0 0 48 14 0 0 0 0 
0 35 11 4 8 0 0 0 26 1 0 0 0 
0 23 19 5 6 0 0 48 14 1 0 0 0 
0 35 11 0 0 0 0 0 0 0 0 0 0 
3 8 0 0 0 22 0 1 0 0 0 0 0 
0 23 19 5 6 0 0 48 14 0 0 0 0 
0 35 11 4 8 0 0 0 32 1 0 0 0 
0 23 19 5 6 0 0 48 14 1 0 0 0 
0 23 19 5 6 0 0 48 14 0 0 0 0 
0 35 11 3 8 0 0 0 21 0 1 0 0 
0 0 0 0 0 0 0 0 0 0 0 0 0 
0 23 19 5 6 0 0 48 14 1 0 0 0 
0 35 11 3 8 0 0 0 22 1 0 0 0 
0 23 19 5 6 0 0 48 14 0 0 0 0 
0 23 19 5 6 0 0 48 14 1 0 0 0 
0 23 19 5 6 0 0 48 14 0 0 0 0 
0 35 11 2 8 0 0 0 16 0 1 0 0 
0 35 11 3 8 0 0 0 21 1 0 0 0 
0 23 19 5 6 0 0 48 14 1 0 0 0 
0 35 11 1 8 0 0 0 8 0 1 0 0 
0 35 11 2 8 0 0 0 16 1 0 0 0 
0 23 19 5 6 0 0 48 14 0 0 0 0 
0 23 19 5 6 0 0 48 14 1 0 0 0 
0 35 11 1 8 0 0 0 5 0 1 0 0 
0 23 19 0 0 0 0 0 0 0 0 0 0 
5 6 0 0 48 14 0 0 0 0 0 0 0 
0 35 11 1 8 0 0 0 8 1 0 0 0 
2 9 7 31 6 0 0 0 24 0 -26 0 0 
0 23 19 5 6 0 0 48 14 1 0 0 0 
2 9 7 31 6 0 0 0 24 0 -56 0 0 
2 9 7 31 6 0 0 0 0 0 0 0 0 
0 24 0 -86 0 0 0 0 0 0 0 0 0 
2 9 7 31 6 0 0 0 24 0 -106 0 0 
2 9 7 31 6 0 0 0 24 0 -126 0 0 
2 9 7 31 6 0 0 0 24 0 120 0 0 
2 9 7 31 6 0 0 0 24 0 110 0 0 
2 9 7 31 6 0 0 0 24 0 100 0 0 
2 9 7 31 6 0 0 0 24 0 70 0 0 
2 9 7 31 6 0 0 0 24 0 60 0 0 
2 9 7 31 6 0 0 0 24 0 50 0 0 
2 9 7 31 6 0 0 0 24 0 30 0 0 
2 9 7 31 6 0 0 0 24 0 20 0 0 
2 9 7 31 6 0 0 0 24 0 10 0 0 
2 9 7 31 6 0 0 0 24 0 0 0 0 
0 23 19 5 6 0 0 48 14 0 0 0 0 
2 9 7 31 6 0 0 0 24 0 0 0 0 
0 23 19 5 6 0 0 48 14 1 0 0 0 
0 23 19 5 6 0 0 48 14 0 0 0 0 
0 23 19 5 6 0 0 48 14 1 0 0 0 
0 23 19 5 6 0 0 48 14 0 0 0 0 
0 23 19 5 6 0 0 48 14 1 0 0 0 
0 23 19 5 6 0 0 48 14 0 0 0 0 
0 23 19 5 6 0 0 48 14 1 0 0 0 
0 23 19 5 6 0 0 48 14 0 0 0 0 
0 0 0 0 0 0 0 0 0 0 0 0 0 
0 23 19 5 6 0 0 48 14 1 0 0 0 
0 23 19 5 6 0 0 48 14 0 0 0 0 
0 23 19 5 6 0 0 48 14 1 0 0 0 
0 23 19 5 6 0 0 48 14 0 0 0 0 
0 23 19 5 6 0 0 48 14 1 0 0 0 
0 23 19 5 6 0 0 48 14 0 0 0 0 
0 23 19 5 6 0 0 48 14 1 0 0 0 
0 23 19 5 6 0 0 48 14 0 0 0 0 
0 23 19 5 6 0 0 48 14 1 0 0 0 
0 23 19 5 6 0 0 48 14 0 0 0 0 
0 23 19 5 6 0 0 48 14 1 0 0 0 
0 23 19 5 6 0 0 48 14 0 0 0 0 
0 23 19 5 6 0 0 48 14 1 0 0 0 
0 23 19 5 6 0 0 48 14 0 0 0 0 
0 23 19 5 6 0 0 48 14 1 0 0 0 
0 23 19 5 6 0 0 48 14 0 0 0 0 
0 23 19 5 6 0 0 48 14 1 0 0 0 
0 23 19 5 6 0 0 48 14 0 0 0 0 
0 23 19 5 6 0 0 48 14 1 0 0 0 
0 23 19 5 6 0 0 48 14 0 0 0 0 
0 35 11 1 8 0 0 0 1 1 0 0 0 
0 35 11 1 8 0 0 0 2 1 0 0 0 
0 35 11 1 8 0 0 0 3 1 0 0 0 
0 35 11 1 8 0 0 0 4 1 0 0 0 
0 23 19 5 6 0 0 48 14 1 0 0 0 
0 35 11 1 8 0 0 0 5 0 1 0 0 
0 35 11 1 8 0 0 0 6 1 0 0 0 
0 35 11 1 8 0 0 0 7 1 0 0 0 
0 35 11 1 8 0 0 0 0 0 0 0 0 
8 1 0 0 0 0 0 0 0 0 0 0 0 
0 23 0 0 0 0 0 0 0 0 0 0 0 
19 5 6 0 0 48 14 0 0 0 0 0 0 
0 23 19 5 6 0 0 48 14 1 0 0 0 
0 23 19 5 6 0 0 48 14 0 0 0 0 
0 23 19 5 6 0 0 48 14 1 0 0 0 
0 35 11 1 8 0 0 0 1 1 0 0 0 
0 35 11 1 8 0 0 0 2 1 0 0 0 
0 35 11 1 8 0 0 0 3 1 0 0 0 
0 35 11 1 8 0 0 0 4 1 0 0 0 
0 35 11 1 8 0 0 0 5 0 1 0 0 
0 23 19 5 6 0 0 48 14 0 0 0 0 
0 35 11 1 8 0 0 0 6 1 0 0 0 
0 35 11 1 8 0 0 0 7 1 0 0 0 
0 35 11 1 8 0 0 0 8 1 0 0 0 
0 23 19 5 6 0 0 48 14 1 0 0 0 
0 23 19 5 6 0 0 48 14 0 0 0 0 
0 23 19 5 6 0 0 48 14 1 0 0 0 
0 23 19 5 6 0 0 48 14 0 0 0 0 
0 23 19 5 6 0 0 48 14 1 0 0 0 
0 23 0 0 0 0 0 0 0 0 0 0 0 
19 5 6 0 0 48 14 0 0 0 0 0 0 
0 23 19 5 6 0 0 48 14 1 0 0 0 
0 35 11 1 8 0 0 0 1 1 0 0 0 
0 35 11 1 8 0 0 0 2 1 0 0 0 
0 35 11 1 8 0 0 0 3 1 0 0 0 
0 35 11 1 8 0 0 0 4 1 0 0 0 
0 35 11 1 8 0 0 0 5 0 1 0 0 
0 35 11 1 8 0 0 0 6 1 0 0 0 
0 35 11 1 8 0 0 0 7 1 0 0 0 
0 35 11 1 8 0 0 0 8 1 0 0 0 
0 23 19 5 6 0 0 48 14 0 0 0 0 
0 23 19 5 6 0 0 48 14 1 0 0 0 
0 23 19 5 6 0 0 48 14 0 0 0 0 
0 23 19 5 6 0 0 48 14 1 0 0 0 
0 35 11 1 8 0 0 0 1 1 0 0 0 
0 35 11 1 8 0 0 0 2 1 0 0 0 
0 35 11 1 8 0 0 0 3 1 0 0 0 
0 35 11 1 8 0 0 0 4 1 0 0 0 
0 35 11 1 8 0 0 0 5 0 1 0 0 
0 35 11 1 8 0 0 0 6 1 0 0 0 
0 35 11 1 8 0 0 0 7 1 0 0 0 
0 35 11 1 8 0 0 0 8 1 0 0 0 
0 23 19 5 6 0 0 48 14 0 0 0 0 
0 23 19 5 6 0 0 48 14 1 0 0 0 
0 23 19 5 6 0 0 48 14 0 0 0 0 
0 23 19 5 6 0 0 48 14 1 0 0 0 
0 23 19 5 6 0 0 48 14 1 0 0 0 
0 23 19 5 6 0 0 48 14 0 0 0 0 
0 35 11 1 8 0 0 0 1 1 0 0 0 
0 35 11 1 8 0 0 0 2 1 0 0 0 
0 35 11 1 8 0 0 0 3 1 0 0 0 
0 35 11 1 8 0 0 0 4 1 0 0 0 
0 35 11 1 8 0 0 0 5 0 1 0 0 
0 35 11 1 8 0 0 0 6 1 0 0 0 
0 35 11 1 8 0 0 0 7 1 0 0 0 
0 35 11 1 8 0 0 0 8 1 0 0 0 
0 23 19 5 6 0 0 48 14 1 0 0 0 
0 23 19 5 6 0 0 48 14 0 0 0 0 
0 23 19 5 6 0 0 48 14 1 0 0 0 
0 23 19 5 6 0 0 48 14 0 0 0 0 
0 23 19 5 6 0 0 48 14 1 0 0 0 
0 23 19 5 6 0 0 48 14 0 0 0 0 
0 23 19 5 6 0 0 48 14 1 0 0 0 
0 23 19 5 6 0 0 48 14 0 0 0 0 
0 23 19 5 6 0 0 48 14 1 0 0 0 
0 23 19 5 6 0 0 48 14 0 0 0 0 
0 23 19 5 6 0 0 48 14 1 0 0 0 
0 23 19 5 6 0 0 48 14 0 0 0 0 
0 23 19 0 0 0 0 0 0 0 0 0 0 
5 6 0 0 48 14 1 0 0 0 0 0 0 
0 23 19 5 6 0 0 48 14 0 0 0 0 
0 23 19 5 6 0 0 48 14 1 0 0 0 
0 23 19 5 6 0 0 48 14 1 0 0 0 
0 23 19 5 6 0 0 48 14 0 0 0 0 
0 35 11 1 8 0 0 0 1 1 0 0 0 
0 35 11 1 8 0 0 0 2 1 0 0 0 
0 35 11 1 8 0 0 0 3 1 0 0 0 
0 35 11 1 8 0 0 0 4 1 0 0 0 
0 35 11 1 8 0 0 0 5 0 1 0 0 
0 35 11 1 8 0 0 0 6 1 0 0 0 
0 35 11 1 8 0 0 0 7 1 0 0 0 
0 23 19 5 6 0 0 48 14 1 0 0 0 
0 23 19 5 6 0 0 48 14 0 0 0 0 
0 35 11 2 8 0 0 0 9 1 0 0 0 
0 35 11 2 8 0 0 0 10 1 0 0 0 
0 35 11 2 8 0 0 0 11 1 0 0 0 
0 35 11 2 8 0 0 0 12 1 0 0 0 
0 35 11 2 8 0 0 0 13 1 0 0 0 
0 35 11 2 8 0 0 0 14 1 0 0 0 
0 35 11 2 8 0 0 0 15 1 0 0 0 
0 23 19 5 6 0 0 48 14 1 0 0 0 
0 23 19 5 6 0 0 48 14 0 0 0 0 
0 23 19 5 6 0 0 48 14 1 0 0 0 
0 23 19 5 6 0 0 48 14 0 0 0 0 
0 23 19 5 6 0 0 48 14 1 0 0 0 
0 0 0 0 0 0 0 0 0 0 0 0 0 
0 35 11 3 8 0 0 0 17 1 0 0 0 
0 35 11 3 8 0 0 0 18 1 0 0 0 
0 35 11 3 8 0 0 0 19 1 0 0 0 
0 35 11 3 8 0 0 0 0 0 0 0 0 
0 0 20 1 0 0 0 0 0 0 0 0 0 
0 35 11 3 8 0 0 0 21 1 0 0 0 
0 35 11 3 8 0 0 0 22 1 0 0 0 
0 35 11 3 8 0 0 0 23 1 0 0 0 
0 23 19 5 6 0 0 48 14 0 0 0 0 
0 23 19 5 6 0 0 48 14 1 0 0 0 
0 35 11 4 8 0 0 0 25 0 1 0 0 
0 35 11 4 8 0 0 0 26 1 0 0 0 
0 35 11 4 8 0 0 0 27 0 1 0 0 
0 35 11 4 8 0 0 0 28 1 0 0 0 
0 35 11 4 8 0 0 0 29 1 0 0 0 
0 35 11 4 8 0 0 0 30 1 0 0 0 
0 35 11 4 8 0 0 0 31 1 0 0 0 
0 23 19 5 6 0 0 48 14 0 0 0 0 
0 23 19 5 6 0 0 48 14 1 0 0 0 
0 23 19 5 6 0 0 48 14 0 0 0 0 
0 35 11 2 8 0 0 0 9 1 0 0 0 
0 35 11 2 8 0 0 0 10 1 0 0 0 
0 35 11 2 8 0 0 0 11 1 0 0 0 
0 35 11 2 8 0 0 0 12 1 0 0 0 
0 35 11 2 8 0 0 0 13 1 0 0 0 
0 35 11 2 0 0 0 0 0 0 0 0 0 
8 0 0 0 14 1 0 0 0 0 0 0 0 
0 35 11 2 8 0 0 0 15 1 0 0 0 
0 23 19 5 6 0 0 48 14 1 0 0 0 
0 35 11 1 8 0 0 0 1 1 0 0 0 
0 0 11 1 8 0 0 0 1 1 0 0 0 
0 35 11 1 8 0 0 0 2 1 0 0 0 
0 35 11 1 8 0 0 0 3 1 0 0 0 
0 35 11 1 8 0 0 0 4 1 0 0 0 
0 35 11 1 8 0 0 0 5 0 1 0 0 
0 35 11 1 8 0 0 0 6 1 0 0 0 
0 35 11 1 8 0 0 0 7 1 0 0 0 
0 23 19 5 6 0 0 48 14 0 0 0 0 
0 23 19 5 6 0 0 48 14 1 0 0 0 
0 35 11 2 8 0 0 0 9 1 0 0 0 
0 35 11 2 8 0 0 0 10 1 0 0 0 
0 35 11 2 8 0 0 0 11 1 0 0 0 
0 35 11 2 8 0 0 0 12 1 0 0 0 
0 35 11 2 8 0 0 0 13 1 0 0 0 
0 23 19 5 6 0 0 48 14 0 0 0 0 
0 35 11 2 8 0 0 0 14 1 0 0 0 
0 35 11 2 8 0 0 0 15 1 0 0 0 
0 23 19 5 6 0 0 48 14 1 0 0 0 
0 23 19 5 6 0 0 48 14 0 0 0 0 
0 23 19 5 6 0 0 48 14 1 0 0 0 
0 23 19 5 6 0 0 48 14 0 0 0 0 
0 23 19 5 6 0 0 48 14 1 0 0 0 
0 23 19 5 6 0 0 48 14 0 0 0 0 
0 23 19 5 6 0 0 48 14 1 0 0 0 
0 23 19 5 6 0 0 48 14 0 0 0 0 
0 35 11 1 8 0 0 0 1 1 0 0 0 
0 23 19 5 6 0 0 48 14 1 0 0 0 
0 35 11 1 8 0 0 0 2 1 0 0 0 
0 0 11 1 8 0 0 0 2 1 0 0 0 
0 35 11 1 8 0 0 0 3 1 0 0 0 
0 35 11 1 8 0 0 0 4 1 0 0 0 
0 35 11 1 8 0 0 0 5 0 1 0 0 
0 35 11 1 8 0 0 0 6 1 0 0 0 
0 35 11 1 8 0 0 0 7 1 0 0 0 
0 23 19 5 6 0 0 48 14 0 0 0 0 
0 35 11 2 8 0 0 0 9 1 0 0 0 
0 35 11 2 8 0 0 0 10 1 0 0 0 
0 35 11 2 8 0 0 0 11 0 0 0 0 
1 0 0 0 8 0 0 0 11 0 0 0 0 
0 35 11 2 8 0 0 0 12 1 0 0 0 
0 35 11 2 8 0 0 0 13 1 0 0 0 
0 35 11 2 8 0 0 0 14 1 0 0 0 
0 35 11 2 8 0 0 0 15 1 0 0 0 
0 23 19 5 6 0 0 48 14 1 0 0 0 
0 23 19 5 6 0 0 48 14 0 0 0 0 
0 0 0 0 0 0 0 0 0 0 0 0 0 
0 35 11 3 8 0 0 0 17 1 0 0 0 
0 35 11 3 8 0 0 0 18 1 0 0 0 
0 35 11 3 8 0 0 0 19 1 0 0 0 
0 35 11 3 8 0 0 0 20 1 0 0 0 
0 35 11 3 8 0 0 0 21 1 0 0 0 
0 35 11 3 8 0 0 0 22 1 0 0 0 
0 35 11 3 8 0 0 0 23 1 0 0 0 
0 23 19 5 6 0 0 48 14 1 0 0 0 
0 35 11 4 8 0 0 0 25 0 1 0 0 
0 35 11 4 8 0 0 0 26 1 0 0 0 
0 35 11 4 8 0 0 0 27 0 1 0 0 
0 35 11 4 8 0 0 0 28 1 0 0 0 
0 35 11 4 8 0 0 0 29 1 0 0 0 
0 35 11 4 8 0 0 0 30 1 0 0 0 
0 35 11 4 8 0 0 0 31 1 0 0 0 
0 23 19 5 6 0 0 48 14 0 0 0 0 
0 23 19 5 6 0 0 48 14 1 0 0 0 
0 23 19 5 6 0 0 48 14 0 0 0 0 
0 23 19 5 6 0 0 48 14 1 0 0 0 
0 35 11 1 8 0 0 0 1 1 0 0 0 
0 0 0 0 0 0 0 0 0 0 0 0 0 
35 11 1 8 0 0 0 2 1 0 0 0 0 
0 35 11 1 8 0 0 0 3 1 0 0 0 
0 35 11 1 8 0 0 0 4 1 0 0 0 
0 35 11 1 8 0 0 0 5 0 1 0 0 
0 35 11 1 8 0 0 0 6 1 0 0 0 
0 35 11 1 8 0 0 0 7 1 0 0 0 
0 23 19 5 6 0 0 48 14 0 0 0 0 
0 23 19 5 6 0 0 48 14 1 0 0 0 
0 35 11 2 8 0 0 0 9 1 0 0 0 
0 35 11 2 8 0 0 0 10 1 0 0 0 
0 35 11 2 8 0 0 0 11 1 0 0 0 
0 35 11 2 8 0 0 0 12 1 0 0 0 
0 35 11 2 8 0 0 0 13 1 0 0 0 
0 35 11 2 8 0 0 0 14 1 0 0 0 
0 23 19 5 6 0 0 48 14 0 0 0 0 
0 35 11 2 8 0 0 0 15 1 0 0 0 
0 23 19 5 6 0 0 48 14 1 0 0 0 
0 35 11 4 8 0 0 0 25 0 1 0 0 
0 35 11 4 8 0 0 0 26 1 0 0 0 
0 35 11 4 8 0 0 0 27 0 1 0 0 
0 35 11 4 8 0 0 0 28 1 0 0 0 
0 35 11 4 8 0 0 0 29 1 0 0 0 
0 35 11 4 8 0 0 0 30 1 0 0 0 
0 35 11 4 8 0 0 0 31 1 0 0 0 
0 23 19 5 6 0 0 48 14 0 0 0 0 
0 35 11 2 8 0 0 0 9 1 0 0 0 
0 0 11 2 8 0 0 0 9 1 0 0 0 
0 35 11 2 8 0 0 0 10 1 0 0 0 
0 35 11 2 8 0 0 0 11 1 0 0 0 
0 35 11 2 8 0 0 0 12 1 0 0 0 
0 23 19 5 6 0 0 48 14 1 0 0 0 
0 35 11 2 8 0 0 0 13 0 0 0 0 
1 0 0 0 8 0 0 0 13 0 0 0 0 
0 35 11 2 8 0 0 0 14 1 0 0 0 
0 35 11 2 8 0 0 0 0 0 0 0 0 
0 15 1 0 0 0 0 0 0 0 0 0 0 
0 23 19 5 6 0 0 48 14 0 0 0 0 
0 35 11 1 8 0 0 0 1 1 0 0 0 
0 35 11 1 8 0 0 0 2 1 0 0 0 
0 35 11 1 8 0 0 0 3 1 0 0 0 
0 35 11 1 8 0 0 0 4 1 0 0 0 
0 35 11 1 8 0 0 0 5 0 1 0 0 
0 35 11 1 8 0 0 0 6 1 0 0 0 
0 35 11 1 8 0 0 0 7 1 0 0 0 
0 23 0 0 0 0 0 0 0 0 0 0 0 
19 5 6 0 0 48 14 1 0 0 0 0 0 
0 23 19 5 6 0 0 48 14 0 0 0 0 
0 23 19 5 6 0 0 48 14 1 0 0 0 
0 23 19 5 6 0 0 48 14 0 0 0 0 
0 35 11 1 8 0 0 0 1 1 0 0 0 
0 35 11 1 8 0 0 0 2 1 0 0 0 
0 35 11 1 8 0 0 0 3 1 0 0 0 
0 35 11 1 8 0 0 0 4 1 0 0 0 
0 35 11 1 8 0 0 0 5 0 1 0 0 
0 35 11 1 8 0 0 0 6 1 0 0 0 
0 35 11 1 8 0 0 0 7 1 0 0 0 
0 0 0 1 8 0 0 0 7 1 0 0 0 
0 35 11 1 8 0 0 0 8 1 0 0 0 
0 23 19 5 6 0 0 48 14 1 0 0 0 
0 23 19 5 6 0 0 48 14 0 0 0 0 
0 0 0 0 0 0 0 0 0 0 0 0 0 
0 35 11 2 8 0 0 0 9 1 0 0 0 
0 35 11 2 8 0 0 0 10 1 0 0 0 
0 35 11 2 8 0 0 0 11 1 0 0 0 
0 35 11 2 8 0 0 0 12 1 0 0 0 
0 35 11 2 8 0 0 0 13 1 0 0 0 
0 35 11 2 8 0 0 0 14 1 0 0 0 
0 35 11 2 8 0 0 0 15 1 0 0 0 
0 35 11 2 8 0 0 0 16 1 0 0 0 
0 23 19 5 6 0 0 48 14 1 0 0 0 
0 23 19 5 6 0 0 48 14 0 0 0 0 
0 35 11 1 8 0 0 0 1 1 0 0 0 
0 35 11 1 8 0 0 0 2 1 0 0 0 
0 35 11 1 8 0 0 0 3 1 0 0 0 
0 35 11 1 8 0 0 0 4 1 0 0 0 
0 35 11 1 0 0 0 0 0 0 0 0 0 
8 0 0 0 5 0 1 0 0 0 0 0 0 
0 35 11 1 8 0 0 0 6 1 0 0 0 
0 35 11 1 8 0 0 0 7 1 0 0 0 
0 35 11 1 8 0 0 0 8 1 0 0 0 
0 23 19 5 6 0 0 48 14 1 0 0 0 
0 35 11 3 8 0 0 0 17 1 0 0 0 
0 35 11 3 8 0 0 0 18 1 0 0 0 
0 35 11 3 8 0 0 0 19 1 0 0 0 
0 35 11 3 8 0 0 0 0 0 0 0 0 
0 0 20 1 0 0 0 0 0 0 0 0 0 
0 35 11 3 8 0 0 0 21 1 0 0 0 
0 35 11 3 8 0 0 0 22 1 0 0 0 
0 35 11 3 8 0 0 0 23 1 0 0 0 
0 35 11 3 8 0 0 0 24 1 0 0 0 
0 23 19 5 6 0 0 48 14 0 0 0 0 
0 23 19 5 6 0 0 48 14 1 0 0 0 
0 35 11 4 8 0 0 0 25 0 1 0 0 
0 35 11 4 8 0 0 0 26 1 0 0 0 
0 35 11 4 0 0 0 0 0 0 0 0 0 
8 0 0 0 27 0 1 0 0 0 0 0 0 
0 35 11 4 8 0 0 0 28 1 0 0 0 
0 35 11 4 8 0 0 0 29 1 0 0 0 
0 35 11 4 8 0 0 0 30 1 0 0 0 
0 35 11 4 8 0 0 0 31 1 0 0 0 
0 35 11 4 8 0 0 0 32 1 0 0 0 
0 23 19 5 6 0 0 48 14 0 0 0 0 
0 23 19 5 6 0 0 48 14 1 0 0 0 
0 23 19 5 6 0 0 48 14 0 0 0 0 
0 23 19 5 6 0 0 48 14 1 0 0 0 
0 23 19 5 6 0 0 48 14 0 0 0 0 
0 0 0 0 0 0 0 0 0 0 0 0 0 
0 23 19 5 6 0 0 48 14 1 0 0 0 
0 23 19 5 6 0 0 48 14 0 0 0 0 
0 23 19 5 6 0 0 48 14 1 0 0 0 
0 23 19 5 6 0 0 48 14 0 0 0 0 
0 23 19 5 6 0 0 48 14 0 0 0 0 
0 23 19 5 6 0 0 48 14 1 0 0 0 
0 23 19 5 6 0 0 48 14 0 0 0 0 
0 35 11 1 8 0 0 0 1 1 0 0 0 
0 35 11 1 8 0 0 0 2 1 0 0 0 
0 35 11 1 8 0 0 0 3 1 0 0 0 
0 35 11 1 8 0 0 0 4 1 0 0 0 
0 35 11 1 8 0 0 0 5 0 1 0 0 
0 35 11 1 8 0 0 0 6 1 0 0 0 
0 35 11 1 8 0 0 0 7 1 0 0 0 
0 35 11 1 8 0 0 0 8 1 0 0 0 
0 23 19 5 6 0 0 48 14 1 0 0 0 
0 23 19 5 6 0 0 48 14 0 0 0 0 
0 35 11 2 8 0 0 0 9 1 0 0 0 
0 35 11 2 8 0 0 0 10 1 0 0 0 
0 35 11 2 8 0 0 0 11 1 0 0 0 
0 35 11 2 8 0 0 0 12 1 0 0 0 
0 35 11 2 8 0 0 0 13 1 0 0 0 
0 35 11 2 8 0 0 0 14 1 0 0 0 
0 35 11 2 8 0 0 0 15 1 0 0 0 
0 0 0 2 8 0 0 0 15 1 0 0 0 
0 35 11 2 8 0 0 0 16 1 0 0 0 
0 23 19 5 6 0 0 48 14 1 0 0 0 
0 35 11 3 8 0 0 0 17 1 0 0 0 
0 35 11 3 8 0 0 0 18 1 0 0 0 
0 35 11 3 8 0 0 0 19 1 0 0 0 
0 35 11 3 8 0 0 0 20 1 0 0 0 
0 35 11 3 8 0 0 0 21 1 0 0 0 
0 35 11 3 8 0 0 0 22 1 0 0 0 
0 35 11 3 8 0 0 0 23 1 0 0 0 
0 35 11 3 8 0 0 0 24 1 0 0 0 
0 23 19 5 6 0 0 48 14 0 0 0 0 
0 35 11 4 8 0 0 0 25 0 1 0 0 
0 35 11 4 8 0 0 0 26 1 0 0 0 
0 35 11 4 8 0 0 0 27 0 1 0 0 
0 35 11 4 8 0 0 0 28 1 0 0 0 
0 35 11 4 8 0 0 0 29 1 0 0 0 
0 35 11 4 8 0 0 0 30 1 0 0 0 
0 35 11 4 8 0 0 0 31 1 0 0 0 
0 35 11 4 8 0 0 0 32 1 0 0 0 
0 23 19 5 6 0 0 48 14 1 0 0 0 
0 23 19 5 6 0 0 48 14 0 0 0 0 
0 23 19 5 6 0 0 48 14 1 0 0 0 
0 23 19 5 6 0 0 48 14 0 0 0 0 
0 23 19 5 6 0 0 48 14 1 0 0 0 
0 23 19 5 6 0 0 48 14 0 0 0 0 
0 23 19 5 6 0 0 48 14 1 0 0 0 
0 35 11 4 8 0 0 0 25 0 1 0 0 
0 35 11 4 8 0 0 0 26 1 0 0 0 
0 35 11 4 8 0 0 0 27 0 0 0 0 
0 1 0 0 8 0 0 0 27 0 0 0 0 
0 35 11 4 8 0 0 0 28 1 0 0 0 
0 35 11 4 8 0 0 0 29 1 0 0 0 
0 35 11 4 8 0 0 0 30 1 0 0 0 
0 35 11 4 8 0 0 0 30 1 0 0 0 
0 35 11 4 8 0 0 0 31 1 0 0 0 
0 35 11 4 8 0 0 0 32 1 0 0 0 
0 23 19 5 6 0 0 48 14 0 0 0 0 
0 23 19 5 6 0 0 48 14 1 0 0 0 
0 23 19 5 6 0 0 48 14 0 0 0 0 
0 23 19 5 6 0 0 48 14 1 0 0 0 
0 23 19 5 6 0 0 48 14 0 0 0 0 
0 23 19 5 6 0 0 48 14 1 0 0 0 
0 23 19 5 6 0 0 48 14 0 0 0 0 
0 23 19 5 6 0 0 48 14 1 0 0 0 
0 23 19 5 6 0 0 48 14 0 0 0 0 
0 23 19 5 6 0 0 48 14 1 0 0 0 
0 23 19 5 6 0 0 48 14 0 0 0 0 
0 23 19 5 6 0 0 48 14 1 0 0 0 
0 23 19 5 6 0 0 48 14 0 0 0 0 
0 23 19 5 6 0 0 48 14 1 0 0 0 
0 23 19 5 6 0 0 48 14 0 0 0 0 
0 23 19 5 6 0 0 48 14 1 0 0 0 
0 23 19 5 6 0 0 48 14 0 0 0 0 
0 23 19 5 6 0 0 48 14 1 0 0 0 
0 23 19 5 6 0 0 48 14 0 0 0 0 
0 23 19 5 6 0 0 48 14 1 0 0 0 
0 23 19 5 6 0 0 48 14 0 0 0 0 
0 23 19 5 6 0 0 48 14 1 0 0 0 
0 0 0 0 0 0 0 0 0 0 0 0 0 
0 23 19 5 6 0 0 48 14 0 0 0 0 
0 23 19 5 6 0 0 48 14 1 0 0 0 
0 23 19 5 6 0 0 48 14 0 0 0 0 
0 23 19 5 6 0 0 48 14 1 0 0 0 
0 23 19 5 6 0 0 48 14 0 0 0 0 
0 23 19 5 6 0 0 48 14 1 0 0 0 
0 23 19 5 6 0 0 48 14 0 0 0 0 
0 23 19 5 6 0 0 48 14 1 0 0 0 
0 23 19 5 6 0 0 48 14 0 0 0 0 
0 23 19 5 6 0 0 48 14 1 0 0 0 
0 23 19 5 6 0 0 48 14 0 0 0 0 
0 23 19 5 6 0 0 48 14 1 0 0 0 
0 23 19 5 6 0 0 48 14 0 0 0 0 
0 23 19 5 6 0 0 48 14 1 0 0 0 
0 23 19 5 6 0 0 48 14 0 0 0 0 
0 23 19 5 6 0 0 48 14 1 0 0 0 
0 23 19 5 6 0 0 48 14 0 0 0 0 
0 23 19 5 6 0 0 48 14 1 0 0 0 
0 23 19 5 6 0 0 48 14 0 0 0 0 
0 23 19 5 6 0 0 48 14 1 0 0 0 
0 23 19 5 6 0 0 48 14 0 0 0 0 
0 0 0 0 0 0 0 0 0 0 0 0 0 
0 23 19 5 6 0 0 48 14 1 0 0 0 
0 23 19 5 6 0 0 48 14 0 0 0 0 
0 23 19 5 6 0 0 48 14 1 0 0 0 
0 23 19 5 6 0 0 48 14 0 0 0 0 
0 23 19 5 6 0 0 48 14 1 0 0 0 
0 23 19 5 6 0 0 48 14 0 0 0 0 
0 23 19 5 6 0 0 48 14 1 0 0 0 
0 23 19 5 6 0 0 48 14 0 0 0 0 
0 23 19 5 6 0 0 48 14 1 0 0 0 
0 23 19 5 6 0 0 48 14 0 0 0 0 
0 35 11 4 8 0 0 0 25 0 1 0 0 
0 35 11 4 8 0 0 0 26 1 0 0 0 
0 35 11 4 8 0 0 0 27 0 1 0 0 
0 35 11 4 8 0 0 0 28 1 0 0 0 
0 35 11 4 8 0 0 0 29 1 0 0 0 
0 35 11 4 8 0 0 0 30 1 0 0 0 
0 35 11 4 8 0 0 0 31 1 0 0 0 
0 35 0 0 0 0 0 0 0 0 0 0 0 
11 4 8 0 0 0 32 1 0 0 0 0 0 
0 23 19 5 6 0 0 48 14 1 0 0 0 
0 23 19 5 6 0 0 48 14 0 0 0 0 
0 23 19 5 6 0 0 48 14 1 0 0 0 
0 23 19 5 6 0 0 48 14 0 0 0 0 
0 23 19 5 6 0 0 48 14 1 0 0 0 
0 23 19 5 6 0 0 48 14 0 0 0 0 
0 23 19 5 6 0 0 48 14 1 0 0 0 
0 23 19 5 6 0 0 48 14 0 0 0 0 
0 23 19 5 6 0 0 48 14 1 0 0 0 
0 23 19 5 6 0 0 48 14 0 0 0 0 
0 23 19 5 6 0 0 48 14 1 0 0 0 
0 23 19 5 6 0 0 48 14 0 0 0 0 
0 35 11 1 8 0 0 0 1 1 0 0 0 
0 35 11 1 8 0 0 0 2 1 0 0 0 
0 35 11 1 8 0 0 0 3 1 0 0 0 
0 0 0 0 0 0 0 0 0 0 0 0 0 
0 35 11 1 8 0 0 0 4 1 0 0 0 
0 35 11 1 8 0 0 0 5 0 1 0 0 
0 35 11 1 8 0 0 0 6 1 0 0 0 
0 35 11 1 8 0 0 0 7 1 0 0 0 
0 35 11 1 8 0 0 0 8 1 0 0 0 
0 23 19 5 6 0 0 48 14 1 0 0 0 
0 23 19 5 6 0 0 48 14 0 0 0 0 
0 35 11 2 8 0 0 0 9 1 0 0 0 
0 35 11 2 8 0 0 0 10 1 0 0 0 
0 35 11 2 8 0 0 0 11 1 0 0 0 
0 35 11 2 8 0 0 0 11 1 0 0 0 
0 35 11 2 8 0 0 0 12 1 0 0 0 
0 35 11 2 8 0 0 0 13 1 0 0 0 
0 35 11 2 8 0 0 0 14 1 0 0 0 
0 35 11 2 8 0 0 0 15 1 0 0 0 
0 35 11 2 8 0 0 0 16 1 0 0 0 
0 23 19 5 6 0 0 48 14 1 0 0 0 
0 23 19 5 6 0 0 48 14 0 0 0 0 
0 35 11 3 8 0 0 0 17 1 0 0 0 
0 35 11 3 8 0 0 0 18 1 0 0 0 
0 35 11 3 8 0 0 0 19 1 0 0 0 
0 35 11 3 8 0 0 0 20 1 0 0 0 
0 35 11 3 8 0 0 0 21 1 0 0 0 
0 35 11 3 8 0 0 0 22 1 0 0 0 
0 35 11 3 8 0 0 0 23 1 0 0 0 
0 35 11 3 8 0 0 0 24 1 0 0 0 
0 23 19 5 6 0 0 48 14 1 0 0 0 
0 23 19 5 6 0 0 48 14 0 0 0 0 
0 35 11 4 8 0 0 0 25 0 1 0 0 
0 35 11 4 8 0 0 0 26 1 0 0 0 
0 35 11 4 8 0 0 0 27 0 1 0 0 
0 35 11 4 8 0 0 0 28 1 0 0 0 
0 35 11 4 8 0 0 0 29 1 0 0 0 
0 35 11 4 8 0 0 0 30 1 0 0 0 
0 35 11 4 8 0 0 0 31 1 0 0 0 
0 35 11 4 8 0 0 0 32 1 0 0 0 
0 23 19 5 6 0 0 48 14 1 0 0 0 
0 23 19 5 6 0 0 48 14 0 0 0 0 
0 23 19 5 6 0 0 48 14 1 0 0 0 
0 23 19 5 6 0 0 48 14 0 0 0 0 
0 23 19 5 6 0 0 48 14 1 0 0 0 
0 23 19 5 6 0 0 48 14 0 0 0 0 
0 23 19 5 6 0 0 48 14 1 0 0 0 
0 23 19 5 6 0 0 48 14 0 0 0 0 
0 23 19 5 6 0 0 48 14 1 0 0 0 
0 23 19 5 6 0 0 48 14 0 0 0 0 
0 23 19 5 6 0 0 48 14 1 0 0 0 
0 23 19 5 6 0 0 48 14 0 0 0 0 
0 23 19 5 6 0 0 48 14 1 0 0 0 
0 23 19 5 6 0 0 48 14 0 0 0 0 
0 23 19 5 6 0 0 48 14 1 0 0 0 
0 23 19 5 6 0 0 48 14 0 0 0 0 
0 0 0 0 0 0 0 0 0 0 0 0 0 
35 11 1 8 0 0 0 1 1 0 0 0 0 
0 35 11 1 8 0 0 0 2 1 0 0 0 
0 35 11 1 8 0 0 0 3 1 0 0 0 
0 35 11 1 8 0 0 0 0 0 0 0 0 
0 0 4 1 0 0 0 0 0 0 0 0 0 
0 35 11 1 8 0 0 0 5 0 1 0 0 
0 35 11 1 8 0 0 0 6 1 0 0 0 
0 35 11 1 8 0 0 0 7 1 0 0 0 
0 35 11 1 8 0 0 0 8 1 0 0 0 
0 23 19 5 6 0 0 48 14 1 0 0 0 
0 23 19 5 6 0 0 48 14 0 0 0 0 
0 23 19 5 6 0 0 48 14 1 0 0 0 
0 23 19 5 6 0 0 48 14 0 0 0 0 
0 23 19 5 6 0 0 48 14 1 0 0 0 
0 23 19 5 6 0 0 48 14 0 0 0 0 
0 0 0 0 0 0 0 0 0 0 0 0 0 
0 0 0 0 0 0 0 0 0 0 0 0 0 
35 11 4 8 0 0 0 25 0 1 0 0 0 
0 35 11 4 8 0 0 0 26 1 0 0 0 
0 35 11 4 8 0 0 0 27 0 1 0 0 
0 35 11 4 8 0 0 0 28 1 0 0 0 
0 35 11 4 8 0 0 0 29 1 0 0 0 
0 35 11 4 8 0 0 0 30 1 0 0 0 
0 35 11 4 8 0 0 0 31 1 0 0 0 
0 35 11 4 8 0 0 0 32 0 0 0 0 
1 0 0 0 8 0 0 0 32 0 0 0 0 
0 23 19 5 6 0 0 48 14 1 0 0 0 
0 23 19 5 6 0 0 48 14 0 0 0 0 
0 23 19 5 6 0 0 48 14 1 0 0 0 
0 35 11 1 8 0 0 0 1 1 0 0 0 
0 35 11 1 8 0 0 0 2 1 0 0 0 
0 35 11 1 8 0 0 0 3 1 0 0 0 
0 35 11 1 8 0 0 0 4 1 0 0 0 
0 35 11 1 8 0 0 0 4 1 0 0 0 
0 35 11 1 8 0 0 0 5 0 1 0 0 
0 35 11 1 8 0 0 0 6 1 0 0 0 
0 35 11 1 8 0 0 0 7 1 0 0 0 
0 35 11 1 8 0 0 0 8 1 0 0 0 
0 23 19 5 6 0 0 48 14 0 0 0 0 
0 23 19 5 6 0 0 48 14 1 0 0 0 
0 35 11 4 8 0 0 0 25 0 1 0 0 
0 35 11 4 8 0 0 0 26 1 0 0 0 
0 35 11 4 8 0 0 0 27 0 1 0 0 
0 35 11 4 8 0 0 0 28 1 0 0 0 
0 23 19 5 6 0 0 48 14 0 0 0 0 
0 35 11 4 8 0 0 0 29 1 0 0 0 
0 35 11 4 8 0 0 0 30 1 0 0 0 
0 35 11 4 8 0 0 0 31 1 0 0 0 
0 35 11 4 8 0 0 0 32 1 0 0 0 
0 0 0 4 8 0 0 0 32 1 0 0 0 
0 23 19 5 6 0 0 48 14 1 0 0 0 
0 23 19 5 6 0 0 48 14 0 0 0 0 
0 23 19 5 6 0 0 48 14 1 0 0 0 
0 23 19 5 6 0 0 48 14 0 0 0 0 
0 23 19 5 6 0 0 48 14 1 0 0 0 
0 23 19 5 6 0 0 48 14 0 0 0 0 
0 23 19 5 6 0 0 48 14 1 0 0 0 
0 23 19 5 6 0 0 48 14 0 0 0 0 
0 23 19 5 6 0 0 48 14 1 0 0 0 
0 23 19 5 6 0 0 48 14 0 0 0 0 
0 23 19 5 6 0 0 48 14 1 0 0 0 
0 23 19 5 6 0 0 48 14 0 0 0 0 
0 23 19 5 6 0 0 48 14 1 0 0 0 
0 23 19 5 6 0 0 48 14 0 0 0 0 
0 0 0 0 0 0 0 0 0 0 0 0 0 
0 23 19 5 6 0 0 48 14 1 0 0 0 
0 23 19 5 6 0 0 48 14 0 0 0 0 
0 23 19 5 6 0 0 48 14 1 0 0 0 
0 23 19 5 6 0 0 48 14 0 0 0 0 
0 23 19 5 6 0 0 48 14 1 0 0 0 
0 23 19 5 6 0 0 48 14 0 0 0 0 
0 23 19 5 6 0 0 48 14 1 0 0 0 
0 23 19 5 6 0 0 48 14 0 0 0 0 
0 23 19 5 6 0 0 48 14 1 0 0 0 
0 23 19 5 6 0 0 48 14 0 0 0 0 
0 23 19 0 0 0 0 0 0 0 0 0 0 
5 6 0 0 48 14 1 0 0 0 0 0 0 
0 23 19 5 6 0 0 48 14 0 0 0 0 
0 23 19 5 6 0 0 48 14 1 0 0 0 
0 23 19 5 6 0 0 48 14 0 0 0 0 
0 23 19 5 6 0 0 48 14 1 0 0 0 
0 23 19 5 6 0 0 48 14 0 0 0 0 
0 23 19 5 6 0 0 48 14 0 0 0 0 
0 23 19 5 6 0 0 48 14 1 0 0 0 
0 23 19 5 6 0 0 48 14 0 0 0 0 
0 35 11 1 8 0 0 0 1 1 0 0 0 
0 35 11 1 8 0 0 0 2 1 0 0 0 
0 35 11 1 8 0 0 0 3 1 0 0 0 
0 35 11 1 8 0 0 0 4 1 0 0 0 
0 35 0 0 0 0 0 0 0 0 0 0 0 
11 1 8 0 0 0 5 0 1 0 0 0 0 
0 35 11 1 8 0 0 0 6 1 0 0 0 
0 35 11 1 8 0 0 0 7 1 0 0 0 
0 35 11 1 8 0 0 0 8 1 0 0 0 
0 23 19 5 6 0 0 48 14 1 0 0 0 
0 23 19 5 6 0 0 48 14 0 0 0 0 
0 35 11 2 8 0 0 0 9 1 0 0 0 
0 35 11 2 8 0 0 0 10 1 0 0 0 
0 35 11 2 8 0 0 0 11 1 0 0 0 
0 35 11 2 8 0 0 0 12 1 0 0 0 
0 35 11 2 8 0 0 0 13 1 0 0 0 
0 35 11 2 8 0 0 0 14 1 0 0 0 
0 35 11 2 8 0 0 0 15 1 0 0 0 
0 35 11 2 8 0 0 0 16 1 0 0 0 
0 23 19 5 6 0 0 48 14 1 0 0 0 
0 23 19 5 6 0 0 48 14 0 0 0 0 
0 35 11 3 8 0 0 0 17 1 0 0 0 
0 35 11 3 8 0 0 0 18 1 0 0 0 
0 35 11 3 8 0 0 0 19 1 0 0 0 
0 35 11 3 8 0 0 0 20 1 0 0 0 
0 35 11 3 8 0 0 0 21 1 0 0 0 
0 35 11 3 8 0 0 0 22 1 0 0 0 
0 35 11 3 8 0 0 0 23 1 0 0 0 
0 35 11 3 8 0 0 0 24 1 0 0 0 
0 23 19 5 6 0 0 48 14 1 0 0 0 
0 35 11 4 8 0 0 0 25 0 1 0 0 
0 35 11 4 8 0 0 0 26 1 0 0 0 
0 35 11 4 8 0 0 0 27 0 1 0 0 
0 35 11 4 8 0 0 0 28 1 0 0 0 
0 35 11 4 8 0 0 0 29 1 0 0 0 
0 35 11 4 8 0 0 0 30 1 0 0 0 
0 35 11 4 8 0 0 0 31 1 0 0 0 
0 35 11 4 8 0 0 0 32 1 0 0 0 
0 23 19 5 6 0 0 48 14 0 0 0 0 
0 23 19 5 6 0 0 48 14 1 0 0 0 
0 35 11 1 8 0 0 0 1 1 0 0 0 
0 35 11 1 8 0 0 0 2 1 0 0 0 
0 35 11 1 8 0 0 0 3 1 0 0 0 
0 35 11 1 8 0 0 0 4 1 0 0 0 
0 35 11 1 8 0 0 0 5 0 1 0 0 
0 35 11 1 8 0 0 0 6 1 0 0 0 
0 35 11 1 8 0 0 0 7 1 0 0 0 
0 35 11 1 8 0 0 0 8 1 0 0 0 
0 23 19 5 6 0 0 48 14 0 0 0 0 
0 23 19 5 6 0 0 48 14 1 0 0 0 
0 35 11 2 8 0 0 0 9 1 0 0 0 
0 35 11 2 8 0 0 0 10 1 0 0 0 
0 35 11 2 8 0 0 0 11 1 0 0 0 
0 35 11 2 8 0 0 0 12 1 0 0 0 
0 35 11 2 8 0 0 0 13 1 0 0 0 
0 35 11 2 8 0 0 0 14 1 0 0 0 
0 35 11 2 8 0 0 0 15 1 0 0 0 
0 35 11 2 8 0 0 0 16 1 0 0 0 
0 23 19 5 6 0 0 48 14 0 0 0 0 
0 23 19 5 6 0 0 48 14 1 0 0 0 
0 35 11 3 0 0 0 0 0 0 0 0 0 
8 0 0 0 17 1 0 0 0 0 0 0 0 
0 35 11 3 8 0 0 0 18 1 0 0 0 
0 35 11 3 8 0 0 0 18 1 0 0 0 
0 35 11 3 8 0 0 0 19 1 0 0 0 
0 35 11 3 8 0 0 0 20 1 0 0 0 
0 35 11 3 8 0 0 0 21 1 0 0 0 
0 35 11 3 8 0 0 0 22 1 0 0 0 
0 35 11 3 8 0 0 0 23 1 0 0 0 
0 35 11 3 8 0 0 0 24 1 0 0 0 
0 23 19 5 6 0 0 48 14 0 0 0 0 
0 23 19 5 6 0 0 48 14 1 0 0 0 
0 35 11 4 8 0 0 0 25 0 1 0 0 
0 35 11 4 8 0 0 0 26 1 0 0 0 
0 35 11 4 8 0 0 0 27 0 1 0 0 
0 35 11 4 8 0 0 0 28 1 0 0 0 
0 35 11 4 8 0 0 0 29 1 0 0 0 
0 35 11 4 8 0 0 0 30 1 0 0 0 
0 35 11 4 8 0 0 0 31 1 0 0 0 
0 35 11 4 8 0 0 0 32 1 0 0 0 
0 23 19 5 6 0 0 48 14 0 0 0 0 
0 35 11 2 8 0 0 0 9 1 0 0 0 
0 35 11 2 8 0 0 0 10 1 0 0 0 
0 35 11 2 8 0 0 0 11 1 0 0 0 
0 0 0 0 0 0 0 0 0 0 0 0 0 
35 11 2 8 0 0 0 12 1 0 0 0 0 
0 35 11 2 8 0 0 0 13 1 0 0 0 
0 35 11 2 8 0 0 0 14 1 0 0 0 
0 35 11 2 8 0 0 0 15 1 0 0 0 
0 35 11 2 8 0 0 0 16 1 0 0 0 
0 23 19 5 6 0 0 48 14 1 0 0 0 
0 0 0 0 0 0 0 0 0 0 0 0 0 
0 23 19 5 6 0 0 48 14 0 0 0 0 
0 23 19 5 6 0 0 48 14 1 0 0 0 
0 35 11 1 8 0 0 0 1 1 0 0 0 
0 35 11 1 8 0 0 0 2 1 0 0 0 
0 35 0 0 0 0 0 0 0 0 0 0 0 
11 1 8 0 0 0 3 1 0 0 0 0 0 
0 35 11 1 8 0 0 0 0 0 0 0 0 
0 4 1 0 0 0 0 0 0 0 0 0 0 
0 35 11 1 8 0 0 0 5 0 1 0 0 
0 35 11 1 8 0 0 0 6 1 0 0 0 
0 35 11 1 8 0 0 0 7 1 0 0 0 
0 35 11 1 8 0 0 0 8 1 0 0 0 
0 23 19 5 6 0 0 48 14 0 0 0 0 
0 23 19 5 6 0 0 48 14 1 0 0 0 
0 23 19 5 6 0 0 48 14 0 0 0 0 
0 23 19 5 6 0 0 48 14 1 0 0 0 
0 35 11 2 8 0 0 0 9 1 0 0 0 
0 35 11 2 8 0 0 0 10 1 0 0 0 
0 35 11 2 8 0 0 0 11 1 0 0 0 
0 35 11 2 8 0 0 0 12 1 0 0 0 
0 35 11 2 8 0 0 0 13 1 0 0 0 
0 35 11 2 8 0 0 0 14 1 0 0 0 
0 35 11 2 8 0 0 0 15 1 0 0 0 
0 35 11 2 8 0 0 0 16 1 0 0 0 
0 23 19 5 6 0 0 48 14 0 0 0 0 
0 35 11 1 8 0 0 0 1 1 0 0 0 
0 35 11 1 8 0 0 0 2 1 0 0 0 
0 35 11 1 8 0 0 0 3 1 0 0 0 
0 35 11 1 8 0 0 0 4 1 0 0 0 
0 35 11 1 8 0 0 0 5 0 1 0 0 
0 35 11 1 8 0 0 0 6 1 0 0 0 
0 35 11 1 8 0 0 0 7 1 0 0 0 
0 35 11 1 8 0 0 0 8 1 0 0 0 
0 23 19 5 6 0 0 48 14 1 0 0 0 
0 0 0 0 0 0 0 0 0 0 0 0 0 
0 0 0 0 0 0 0 0 0 0 0 0 0 
23 19 5 6 0 0 48 14 0 0 0 0 0 
0 35 11 2 8 0 0 0 9 1 0 0 0 
0 35 11 2 8 0 0 0 10 1 0 0 0 
0 35 11 2 8 0 0 0 11 1 0 0 0 
0 35 11 2 8 0 0 0 12 1 0 0 0 
0 35 11 2 8 0 0 0 13 1 0 0 0 
0 35 11 2 8 0 0 0 14 1 0 0 0 
0 35 11 2 8 0 0 0 15 1 0 0 0 
0 35 11 2 8 0 0 0 16 1 0 0 0 
0 23 19 5 6 0 0 48 14 1 0 0 0 
0 35 11 3 8 0 0 0 17 1 0 0 0 
0 35 11 3 8 0 0 0 17 1 0 0 0 
0 35 11 3 8 0 0 0 18 1 0 0 0 
0 0 0 0 0 0 0 0 0 0 0 0 0 
35 11 3 8 0 0 0 19 1 0 0 0 0 
0 35 11 3 8 0 0 0 20 1 0 0 0 
0 35 11 3 8 0 0 0 21 1 0 0 0 
0 35 11 3 8 0 0 0 22 1 0 0 0 
0 35 11 3 8 0 0 0 23 1 0 0 0 
0 35 11 3 8 0 0 0 24 1 0 0 0 
0 23 19 5 6 0 0 48 14 0 0 0 0 
0 23 19 5 6 0 0 48 14 1 0 0 0 
0 23 19 5 6 0 0 48 14 0 0 0 0 
0 23 19 5 6 0 0 48 14 1 0 0 0 
0 35 11 4 8 0 0 0 25 0 1 0 0 
0 35 11 4 8 0 0 0 26 1 0 0 0 
0 35 11 4 8 0 0 0 27 0 1 0 0 
0 35 11 4 8 0 0 0 28 1 0 0 0 
0 35 11 4 8 0 0 0 29 1 0 0 0 
0 35 11 4 8 0 0 0 30 1 0 0 0 
0 35 11 4 8 0 0 0 31 1 0 0 0 
0 35 11 4 8 0 0 0 32 0 0 0 0 
1 0 0 0 8 0 0 0 32 0 0 0 0 
0 23 19 5 6 0 0 48 14 0 0 0 0 
0 23 19 5 6 0 0 48 14 1 0 0 0 
0 23 19 5 6 0 0 48 14 0 0 0 0 
0 23 19 5 6 0 0 48 14 1 0 0 0 
0 23 0 0 0 0 0 0 0 0 0 0 0 
19 5 6 0 0 48 14 0 0 0 0 0 0 
0 23 19 5 6 0 0 48 14 1 0 0 0 
0 35 11 3 8 0 0 0 17 1 0 0 0 
0 35 11 3 8 0 0 0 18 1 0 0 0 
0 35 11 3 8 0 0 0 19 1 0 0 0 
0 35 11 3 8 0 0 0 20 1 0 0 0 
0 35 11 3 8 0 0 0 21 1 0 0 0 
0 35 11 3 8 0 0 0 22 1 0 0 0 
0 35 11 3 8 0 0 0 23 1 0 0 0 
0 35 11 3 8 0 0 0 24 1 0 0 0 
0 23 19 5 6 0 0 48 14 0 0 0 0 
0 23 19 5 6 0 0 48 14 1 0 0 0 
0 23 19 5 6 0 0 48 14 0 0 0 0 
0 23 19 5 6 0 0 48 14 1 0 0 0 
0 23 19 5 6 0 0 48 14 0 0 0 0 
0 23 19 5 6 0 0 48 14 1 0 0 0 
0 23 19 5 6 0 0 48 14 0 0 0 0 
0 23 19 5 6 0 0 48 14 1 0 0 0 
0 23 19 5 6 0 0 48 14 0 0 0 0 
0 0 0 0 0 0 0 0 0 0 0 0 0 
0 23 19 5 6 0 0 48 14 1 0 0 0 
0 23 19 5 6 0 0 48 14 0 0 0 0 
0 23 19 5 6 0 0 48 14 1 0 0 0 
0 23 19 5 6 0 0 48 14 0 0 0 0 
0 23 19 5 6 0 0 48 14 1 0 0 0 
0 23 19 5 6 0 0 48 14 0 0 0 0 
0 23 19 5 6 0 0 48 14 1 0 0 0 
0 23 19 5 6 0 0 48 14 0 0 0 0 
0 23 19 5 6 0 0 48 14 1 0 0 0 
0 23 19 5 0 0 0 0 0 0 0 0 0 
6 0 0 48 14 0 0 0 0 0 0 0 0 
0 23 19 5 6 0 0 48 14 1 0 0 0 
0 23 19 5 6 0 0 48 14 0 0 0 0 
0 23 19 5 6 0 0 48 14 1 0 0 0 
0 23 19 5 6 0 0 48 14 0 0 0 0 
0 23 19 5 6 0 0 48 14 1 0 0 0 
0 23 19 5 6 0 0 48 14 0 0 0 0 
0 23 19 5 6 0 0 48 14 1 0 0 0 
0 23 19 5 6 0 0 48 14 0 0 0 0 
0 23 19 5 6 0 0 48 14 1 0 0 0 
0 23 19 5 6 0 0 48 14 0 0 0 0 
0 23 19 5 6 0 0 48 14 1 0 0 0 
0 23 19 5 6 0 0 48 14 0 0 0 0 
0 23 19 5 6 0 0 48 14 1 0 0 0 
0 23 19 5 6 0 0 48 14 0 0 0 0 
0 35 11 3 8 0 0 0 17 1 0 0 0 
0 35 11 3 8 0 0 0 18 1 0 0 0 
0 0 11 3 8 0 0 0 18 1 0 0 0 
0 35 11 3 8 0 0 0 19 1 0 0 0 
0 35 11 3 8 0 0 0 20 1 0 0 0 
0 35 11 3 8 0 0 0 21 1 0 0 0 
0 35 11 3 8 0 0 0 22 1 0 0 0 
0 35 11 3 8 0 0 0 23 1 0 0 0 
0 35 11 3 8 0 0 0 24 1 0 0 0 
0 23 19 5 6 0 0 48 14 1 0 0 0 
0 23 19 5 6 0 0 48 14 0 0 0 0 
0 23 19 5 6 0 0 48 14 1 0 0 0 
0 23 19 5 6 0 0 48 14 0 0 0 0 
0 23 19 5 6 0 0 48 14 1 0 0 0 
0 35 11 1 8 0 0 0 1 1 0 0 0 
0 35 11 1 8 0 0 0 1 1 0 0 0 
0 35 11 1 8 0 0 0 2 1 0 0 0 
0 35 11 1 8 0 0 0 3 1 0 0 0 
0 35 11 1 8 0 0 0 4 1 0 0 0 
0 35 11 1 8 0 0 0 5 0 1 0 0 
0 35 11 1 8 0 0 0 6 1 0 0 0 
0 35 11 1 8 0 0 0 7 1 0 0 0 
0 35 11 1 8 0 0 0 8 1 0 0 0 
0 23 19 5 6 0 0 48 14 0 0 0 0 
0 0 0 0 0 0 0 0 0 0 0 0 0 
0 23 19 5 6 0 0 48 14 1 0 0 0 
0 23 19 5 6 0 0 48 14 0 0 0 0 
0 23 19 5 6 0 0 48 14 1 0 0 0 
0 23 19 5 6 0 0 48 14 0 0 0 0 
0 23 19 5 6 0 0 48 14 1 0 0 0 
0 23 19 5 6 0 0 48 14 0 0 0 0 
0 23 19 5 6 0 0 48 14 1 0 0 0 
0 23 19 5 6 0 0 48 14 0 0 0 0 
0 23 19 5 6 0 0 48 14 1 0 0 0 
0 23 19 5 6 0 0 48 14 0 0 0 0 
0 23 19 5 6 0 0 48 14 1 0 0 0 
0 23 19 5 6 0 0 48 14 0 0 0 0 
0 23 19 5 6 0 0 48 14 1 0 0 0 
0 23 19 5 6 0 0 48 14 0 0 0 0 
0 23 19 5 6 0 0 48 14 1 0 0 0 
2 9 7 31 6 0 0 0 24 0 0 0 0 
2 9 7 31 6 0 0 0 24 0 20 0 0 
2 9 7 31 6 0 0 0 24 0 40 0 0 
2 9 7 31 6 0 0 0 24 0 70 0 0 
2 9 7 31 6 0 0 0 24 0 80 0 0 
2 9 7 31 6 0 0 0 24 0 100 0 0 
2 9 7 31 6 0 0 0 24 0 110 0 0 
2 9 7 31 6 0 0 0 24 0 -126 0 0 
0 23 19 5 6 0 0 48 14 0 0 0 0 
0 35 11 1 8 0 0 0 5 1 0 0 0 
0 35 11 0 0 0 0 0 0 0 0 0 0 
2 8 0 0 0 14 0 1 0 0 0 0 0 
2 9 7 31 6 0 0 0 24 0 -116 0 0 
0 23 19 5 6 0 0 48 14 1 0 0 0 
2 9 7 31 6 0 0 0 24 0 -106 0 0 
2 9 7 31 6 0 0 0 24 0 -96 0 0 
2 9 7 31 6 0 0 0 24 0 -86 0 0 
2 9 7 31 6 0 0 0 24 0 -86 0 0 
0 23 19 5 6 0 0 48 14 0 0 0 0 
2 9 7 31 6 0 0 0 24 0 -86 0 0 
2 9 7 31 6 0 0 0 24 0 -76 0 0 
2 9 7 31 6 0 0 0 24 0 -66 0 0 
0 35 11 2 0 0 0 0 0 0 0 0 0 
8 0 0 0 11 0 1 0 0 0 0 0 0 
0 23 19 5 6 0 0 48 14 1 0 0 0 
2 9 7 31 6 0 0 0 24 0 -46 0 0 
2 9 7 31 6 0 0 0 24 0 -26 0 0 
0 9 7 31 6 0 0 0 24 0 -26 0 0 
2 9 7 31 6 0 0 0 24 0 -16 0 0 
2 9 7 31 6 0 0 0 24 0 -16 0 0 
0 23 19 5 6 0 0 48 14 0 0 0 0 
0 35 11 2 8 0 0 0 14 1 0 0 0 
2 9 7 31 6 0 0 0 24 0 -16 0 0 
2 9 7 31 6 0 0 0 24 0 -6 0 0 
2 9 7 31 6 0 0 0 24 1 14 0 0 
2 9 7 31 6 0 0 0 24 1 24 0 0 
2 9 7 31 6 0 0 0 24 1 44 0 0 
2 9 7 31 6 0 0 0 24 1 54 0 0 
0 23 19 0 0 0 0 0 0 0 0 0 0 
5 6 0 0 48 14 1 0 0 0 0 0 0 
2 9 7 31 6 0 0 0 24 1 74 0 0 
2 9 7 31 6 0 0 0 0 0 0 0 0 
0 0 24 1 104 0 0 0 0 0 0 0 0 
2 9 7 31 6 0 0 0 24 1 104 0 0 
0 35 11 4 8 0 0 0 29 0 1 0 0 
0 23 19 5 6 0 0 48 14 0 0 0 0 
0 35 11 2 8 0 0 0 11 1 0 0 0 
0 23 19 5 6 0 0 48 14 1 0 0 0 
0 35 11 4 8 0 0 0 29 1 0 0 0 
0 35 11 4 8 0 0 0 26 0 1 0 0 
0 23 19 5 6 0 0 48 14 0 0 0 0 
0 23 19 5 6 0 0 48 14 1 0 0 0 
0 23 19 5 6 0 0 48 14 0 0 0 0 
0 35 11 0 0 0 0 0 0 0 0 0 0 
4 8 0 0 0 32 0 1 0 0 0 0 0 
0 35 11 4 8 0 0 0 26 1 0 0 0 
0 23 19 5 6 0 0 48 14 1 0 0 0 
0 23 19 5 6 0 0 48 14 0 0 0 0 
0 35 11 3 8 0 0 0 22 0 1 0 0 
0 35 11 4 8 0 0 0 32 1 0 0 0 
0 23 19 5 6 0 0 48 14 1 0 0 0 
0 35 11 3 8 0 0 0 21 0 1 0 0 
0 23 19 5 6 0 0 48 14 0 0 0 0 
0 35 11 3 8 0 0 0 22 1 0 0 0 
0 23 19 5 6 0 0 48 14 1 0 0 0 
0 23 19 5 6 0 0 48 14 0 0 0 0 
0 35 11 2 8 0 0 0 16 0 1 0 0 
0 35 11 3 8 0 0 0 21 1 0 0 0 
0 23 19 5 6 0 0 48 14 1 0 0 0 
0 35 11 1 8 0 0 0 8 0 1 0 0 
0 35 11 2 8 0 0 0 16 1 0 0 0 
0 0 0 0 0 0 0 0 0 0 0 0 0 
0 23 19 5 6 0 0 48 14 0 0 0 0 
0 23 19 5 6 0 0 48 14 1 0 0 0 
2 9 7 31 6 0 0 0 24 1 104 0 0 
2 9 7 31 6 0 0 0 24 1 84 0 0 
2 9 7 31 6 0 0 0 24 0 -26 0 0 
2 9 7 31 0 0 0 0 0 0 0 0 0 
6 0 0 0 24 0 -106 0 0 0 0 0 0 
2 9 7 31 6 0 0 0 24 0 10 0 0 
2 9 7 31 6 0 0 0 24 0 0 0 0 
2 9 7 31 6 0 0 0 24 0 0 0 0 
0 35 11 1 8 0 0 0 5 0 1 0 0 
0 23 19 5 6 0 0 48 14 0 0 0 0 
0 23 19 5 6 0 0 48 14 1 0 0 0 
0 23 19 5 6 0 0 48 14 0 0 0 0 
0 23 19 5 6 0 0 48 14 1 0 0 0 
0 23 19 5 6 0 0 48 14 0 0 0 0 
0 23 19 5 6 0 0 48 14 1 0 0 0 
0 23 19 5 6 0 0 48 14 0 0 0 0 
0 23 19 5 6 0 0 48 14 1 0 0 0 
0 23 19 5 6 0 0 48 14 0 0 0 0 
0 23 19 5 6 0 0 48 14 1 0 0 0 
0 23 19 5 6 0 0 48 14 0 0 0 0 
0 23 19 5 6 0 0 48 14 1 0 0 0 
0 23 19 5 6 0 0 48 14 0 0 0 0 
0 23 19 5 6 0 0 48 14 1 0 0 0 
0 23 19 5 6 0 0 48 14 0 0 0 0 
0 23 19 5 6 0 0 48 14 1 0 0 0 
0 23 19 5 6 0 0 48 14 0 0 0 0 
0 23 19 5 6 0 0 48 14 1 0 0 0 
0 23 19 5 6 0 0 48 14 0 0 0 0 
0 23 19 5 6 0 0 48 14 1 0 0 0 
0 23 19 5 6 0 0 48 14 0 0 0 0 
